#_Random_number_seed
1234
#_Number_of_fisheries
1
#_Number_of_projection_years
14
#_Number_of_simulations
1000
#_Begin_year_of_projection
2023
#_Number_of_ages
30
#_Natural_Mortality 2 3 4 5 6 7 8 9 10 11 12 13 14 15 16 17 18 19 20 21 22 23 24 25 26 27 28 29 30 31
 0.106646 0.106646 0.106646 0.106646 0.106646 0.106646 0.106646 0.106646 0.106646 0.106646 0.106646 0.106646 0.106646 0.106646 0.106646 0.106646 0.106646 0.106646 0.106646 0.106646 0.106646 0.106646 0.106646 0.106646 0.106646 0.106646 0.106646 0.106646 0.106646 0.106646
#_2001_TAC_or_best_estimate_of_catch_2001
20.2368
#_F_ratio(must_sum_to_one_only_one_fishery)
1
#5year_Average_F(endyr-4,endyr_as_estimated_by_ADmodel)
0.0457904
#_Author_F_as_fraction_F_40%
1
#_Spawn_month
1
#_Wt_at_age_spawners 2 3 4 5 6 7 8 9 10 11 12 13 14 15 16 17 18 19 20 21 22 23 24 25 26 27 28 29 30 31
 1.19991 1.52822 1.83955 2.12891 2.36569 2.53628 2.65999 2.77502 2.90015 3.04915 3.23005 3.43884 3.66695 3.89994 4.12175 4.32358 4.50519 4.67196 4.82832 4.97399 5.10857 5.23606 5.36043 5.4835 5.6106 5.74226 5.87962 6.02337 6.17018 6.31603
#_Wt_at_age_fishery 2 3 4 5 6 7 8 9 10 11 12 13 14 15 16 17 18 19 20 21 22 23 24 25 26 27 28 29 30 31
 1.19991 1.52822 1.83955 2.12891 2.36569 2.53628 2.65999 2.77502 2.90015 3.04915 3.23005 3.43884 3.66695 3.89994 4.12175 4.32358 4.50519 4.67196 4.82832 4.97399 5.10857 5.23606 5.36043 5.4835 5.6106 5.74226 5.87962 6.02337 6.17018 6.31603
#_Maturity_divided_by_2(projection_program_uses_to_get_female_spawning_biomass_if_divide_by_2 2 3 4 5 6 7 8 9 10 11 12 13 14 15 16 17 18 19 20 21 22 23 24 25 26 27 28 29 30 31
 0.0111877 0.0229517 0.0455343 0.0858276 0.149966 0.233415 0.317166 0.381901 0.421876 0.447106 0.460642 0.463153 0.462173 0.460572 0.459878 0.46057 0.461528 0.461507 0.460497 0.459087 0.457504 0.455229 0.452759 0.451185 0.449938 0.44808 0.446207 0.445028 0.443696 0.429021
#_Selectivity_fishery_scaled_to_max_at_one 2 3 4 5 6 7 8 9 10 11 12 13 14 15 16 17 18 19 20 21 22 23 24 25 26 27 28 29 30 31
 0.0978506 0.55401 0.934326 0.9939 0.999464 0.999953 0.999996 1 1 1 1 1 1 1 1 1 1 1 1 1 1 1 1 1 1 1 1 1 1 1
#_Numbers_at_age_end_year 2 3 4 5 6 7 8 9 10 11 12 13 14 15 16 17 18 19 20 21 22 23 24 25 26 27 28 29 30 31
 26.7315 43.3092 53.9267 20.453 47.4379 48.2502 10.1148 17.4983 4.11489 1.90423 0.785962 2.13026 1.16889 2.9913 1.5095 0.919953 0.741592 0.464582 0.699023 0.423451 0.489126 1.44533 0.378195 0.299362 0.674198 0.152958 0.289724 0.121841 0.0577391 0.849352
#_N_recruitment_years
43
#_Recruitment_start_at_1977_yearclass=1979_for_age_2_recruits 1979 1980 1981 1982 1983 1984 1985 1986 1987 1988 1989 1990 1991 1992 1993 1994 1995 1996 1997 1998 1999 2000 2001 2002 2003 2004 2005 2006 2007 2008 2009 2010 2011 2012 2013 2014 2015 2016 2017 2018 2019 2020 2021
 25.5163 65.373 22.1202 18.3657 64.6853 32.7324 8.69273 18.7631 18.8683 5.50268 7.83 10.1621 21.5448 5.69262 23.5243 6.07544 5.80597 10.3755 20.8773 9.30352 34.5575 12.9155 13.7024 43.9269 12.4897 9.11027 12.6908 7.12626 9.61367 10.0549 13.8392 22.9002 7.48036 11.483 3.61324 7.57597 14.1072 50.8587 24.737 99.5264 82.9874 30.5267 69.122
