#Species name here:
GOA_SABLE
#SSL Species?
0
#Constant buffer of Dorn?
0
#Number of fisheries?
2
#Number of sexes?
2
#5year_Average_F(endyr-4,endyr_as_estimated_by_ADmodel)
0.0639509
#_Author_F_as_fraction_F_40%
1
#ABC SPR
0.4
#MSY SPR
0.35
#_Spawn_month
1
#_Number_of_ages
30
#_F_ratio(must_sum_to_one_only_one_fishery)
0.730534 0.269466
#_Natural_Mortality 2 3 4 5 6 7 8 9 10 11 12 13 14 15 16 17 18 19 20 21 22 23 24 25 26 27 28 29 30 31
 0.106646 0.106646 0.106646 0.106646 0.106646 0.106646 0.106646 0.106646 0.106646 0.106646 0.106646 0.106646 0.106646 0.106646 0.106646 0.106646 0.106646 0.106646 0.106646 0.106646 0.106646 0.106646 0.106646 0.106646 0.106646 0.106646 0.106646 0.106646 0.106646 0.106646
#_Natural_Mortality 2 3 4 5 6 7 8 9 10 11 12 13 14 15 16 17 18 19 20 21 22 23 24 25 26 27 28 29 30 31
 0.106646 0.106646 0.106646 0.106646 0.106646 0.106646 0.106646 0.106646 0.106646 0.106646 0.106646 0.106646 0.106646 0.106646 0.106646 0.106646 0.106646 0.106646 0.106646 0.106646 0.106646 0.106646 0.106646 0.106646 0.106646 0.106646 0.106646 0.106646 0.106646 0.106646
#_Maturity_divided_by_2(projection_program_uses_to_get_female_spawning_biomass_if_divide_by_2 2 3 4 5 6 7 8 9 10 11 12 13 14 15 16 17 18 19 20 21 22 23 24 25 26 27 28 29 30 31
 0.0223754 0.0460186 0.0922865 0.176468 0.311118 0.48767 0.667353 0.808734 0.89911 0.949451 0.975362 0.988157 0.994346 0.997309 0.998721 0.999393 0.999712 0.999863 0.999935 0.999969 0.999985 0.999993 0.999997 0.999998 0.999999 1 1 1 1 1
#_Wt_at_age_spawners 2 3 4 5 6 7 8 9 10 11 12 13 14 15 16 17 18 19 20 21 22 23 24 25 26 27 28 29 30 31
 1.19991 1.52822 1.83955 2.12891 2.36569 2.53628 2.65999 2.77502 2.90015 3.04915 3.23005 3.43884 3.66695 3.89994 4.12175 4.32358 4.50519 4.67196 4.82832 4.97399 5.10857 5.23606 5.36043 5.4835 5.6106 5.74226 5.87962 6.02337 6.17018 6.31603
#_Wt_at_age_fishery1 female 2 3 4 5 6 7 8 9 10 11 12 13 14 15 16 17 18 19 20 21 22 23 24 25 26 27 28 29 30 31
 1.19991 1.52822 1.83955 2.12891 2.36569 2.53628 2.65999 2.77502 2.90015 3.04915 3.23005 3.43884 3.66695 3.89994 4.12175 4.32358 4.50519 4.67196 4.82832 4.97399 5.10857 5.23606 5.36043 5.4835 5.6106 5.74226 5.87962 6.02337 6.17018 6.31603
#_Wt_at_age_fishery2 female 2 3 4 5 6 7 8 9 10 11 12 13 14 15 16 17 18 19 20 21 22 23 24 25 26 27 28 29 30 31
 1.19991 1.52822 1.83955 2.12891 2.36569 2.53628 2.65999 2.77502 2.90015 3.04915 3.23005 3.43884 3.66695 3.89994 4.12175 4.32358 4.50519 4.67196 4.82832 4.97399 5.10857 5.23606 5.36043 5.4835 5.6106 5.74226 5.87962 6.02337 6.17018 6.31603
#_Wt_at_age_spawners1 male 2 3 4 5 6 7 8 9 10 11 12 13 14 15 16 17 18 19 20 21 22 23 24 25 26 27 28 29 30 31
 1.0982 1.37171 1.60118 1.77473 1.89245 1.97366 2.03721 2.09903 2.16163 2.23223 2.31864 2.413 2.50622 2.59557 2.67727 2.75282 2.82167 2.88618 2.94539 2.99948 3.04837 3.09058 3.12783 3.15987 3.18732 3.21134 3.23323 3.25427 3.27558 3.29816
#_Wt_at_age_fishery2 male 2 3 4 5 6 7 8 9 10 11 12 13 14 15 16 17 18 19 20 21 22 23 24 25 26 27 28 29 30 31
 1.0982 1.37171 1.60118 1.77473 1.89245 1.97366 2.03721 2.09903 2.16163 2.23223 2.31864 2.413 2.50622 2.59557 2.67727 2.75282 2.82167 2.88618 2.94539 2.99948 3.04837 3.09058 3.12783 3.15987 3.18732 3.21134 3.23323 3.25427 3.27558 3.29816
#_Selectivity_fishery_scaled_to_max_at_one 2 3 4 5 6 7 8 9 10 11 12 13 14 15 16 17 18 19 20 21 22 23 24 25 26 27 28 29 30 31
 0.0978506 0.55401 0.934326 0.9939 0.999464 0.999953 0.999996 1 1 1 1 1 1 1 1 1 1 1 1 1 1 1 1 1 1 1 1 1 1 1
 0.33494 0.645745 0.852307 0.963289 1 0.983767 0.932546 0.860308 0.777372 0.691032 0.606203 0.526007 0.452249 0.385807 0.326916 0.275394 0.230799 0.192544 0.159977 0.132434 0.109272 0.089892 0.0737478 0.0603525 0.0492773 0.0401497 0.0326491 0.0265018 0.0214758 0.0173757
#_Selectivity_fishery_scaled_to_max_at_one 2 3 4 5 6 7 8 9 10 11 12 13 14 15 16 17 18 19 20 21 22 23 24 25 26 27 28 29 30 31
 0.19196 0.388794 0.630078 0.820168 0.924311 0.970326 0.988708 0.995753 0.99841 0.999405 0.999778 0.999917 0.999969 0.999988 0.999996 0.999998 0.999999 1 1 1 1 1 1 1 1 1 1 1 1 1
 0.241115 0.461037 0.63799 0.773385 0.871913 0.938908 0.979538 0.998515 1 0.987601 0.964399 0.932999 0.895578 0.853943 0.809575 0.76368 0.717224 0.670975 0.625531 0.581349 0.53877 0.498037 0.459315 0.422703 0.388251 0.355965 0.325822 0.297771 0.271745 0.247663
#_Numbers_at_age_end_year 2 3 4 5 6 7 8 9 10 11 12 13 14 15 16 17 18 19 20 21 22 23 24 25 26 27 28 29 30 31
 13.3657 21.6004 26.6075 9.94759 22.866 23.0942 4.80716 8.26304 1.93076 0.896723 0.371193 0.998465 0.543301 1.38143 0.695073 0.42396 0.342364 0.214437 0.321919 0.194407 0.22378 0.65796 0.171232 0.135068 0.303348 0.0685376 0.129277 0.0542229 0.0256186 0.36439
 13.3657 21.7088 27.3192 10.5054 24.5718 25.1561 5.30764 9.23523 2.18412 1.00751 0.414769 1.1318 0.625589 1.60988 0.814424 0.495993 0.399228 0.250145 0.377104 0.229044 0.265346 0.787368 0.206963 0.164294 0.37085 0.0844208 0.160447 0.0676185 0.0321205 0.484962
#_N_recruitment_years
43
#_Recruitment_start_at_1977_yearclass=1979_for_age_2_recruits 1979 1980 1981 1982 1983 1984 1985 1986 1987 1988 1989 1990 1991 1992 1993 1994 1995 1996 1997 1998 1999 2000 2001 2002 2003 2004 2005 2006 2007 2008 2009 2010 2011 2012 2013 2014 2015 2016 2017 2018 2019 2020 2021
 25.5163 65.373 22.1202 18.3657 64.6853 32.7324 8.69273 18.7631 18.8683 5.50268 7.83 10.1621 21.5448 5.69262 23.5243 6.07544 5.80597 10.3755 20.8773 9.30352 34.5575 12.9155 13.7024 43.9269 12.4897 9.11027 12.6908 7.12626 9.61367 10.0549 13.8392 22.9002 7.48036 11.483 3.61324 7.57597 14.1072 50.8587 24.737 99.5264 82.9874 30.5267 69.122
#_Spawners per recruitment (starting at 1977)
 198.939 186.961 180.122 172.353 165.736 159.916 158.82 163.258 171.927 182.704 188.454 189.677 185.794 178.179 168.236 157.342 146.414 134.504 124.128 112.409 109.569 105.981 103.192 96.9938 93.9639 93.8822 93.6706 94.0896 95.5467 96.4812 98.6216 100.16 96.4438 93.6558 85.6643 80.1498 76.9399 75.9731 75.1147 72.1551 73.2756 72.8635
