ParName   Value   Gradient
log_rec_dev(1932)   -0.0516888  2.71258e-07
log_rec_dev(1933)    -0.053303 -1.36898e-08
log_rec_dev(1934)   -0.0550664  2.66422e-07
log_rec_dev(1935)   -0.0569855 -9.47762e-08
log_rec_dev(1936)   -0.0591649 -1.87804e-07
log_rec_dev(1937)   -0.0614249  1.75342e-07
log_rec_dev(1938)   -0.0638067  7.43888e-08
log_rec_dev(1939)   -0.0662254 -4.67084e-08
log_rec_dev(1940)   -0.0687518  1.34916e-07
log_rec_dev(1941)   -0.0713273  2.99329e-07
log_rec_dev(1942)   -0.0740546  4.95615e-08
log_rec_dev(1943)   -0.0769072  4.03251e-08
log_rec_dev(1944)   -0.0797978  -5.8778e-08
log_rec_dev(1945)   -0.0828913   -1.912e-07
log_rec_dev(1946)   -0.0861952 -3.56999e-08
log_rec_dev(1947)   -0.0895356  1.45073e-08
log_rec_dev(1948)   -0.0927039 -1.40166e-07
log_rec_dev(1949)    -0.096061 -7.21133e-08
log_rec_dev(1950)   -0.0999125  3.03435e-09
log_rec_dev(1951)    -0.103816 -5.43714e-07
log_rec_dev(1952)    -0.107641  -5.3487e-07
log_rec_dev(1953)    -0.111736 -1.21384e-06
log_rec_dev(1954)    -0.115478 -9.15625e-07
log_rec_dev(1955)    -0.118219 -1.04055e-06
log_rec_dev(1956)    -0.121078 -1.21505e-06
log_rec_dev(1957)    -0.122631  -1.1113e-06
log_rec_dev(1958)    -0.121092 -1.05994e-06
log_rec_dev(1959)    -0.115426 -1.87627e-06
log_rec_dev(1960)    -0.106811 -1.62193e-06
log_rec_dev(1961)   -0.0914129 -1.64073e-06
log_rec_dev(1962)   -0.0214169  -1.8347e-06
log_rec_dev(1963)     0.135282 -5.00899e-07
log_rec_dev(1964)     0.234855 -6.95331e-07
log_rec_dev(1965)     0.220277 -6.95183e-07
log_rec_dev(1966)     0.184365 -4.15466e-07
log_rec_dev(1967)     0.162469 -9.81492e-07
log_rec_dev(1968)    0.0752295 -8.89244e-07
log_rec_dev(1969)   -0.0398015 -6.62162e-07
log_rec_dev(1970)    -0.127865  -7.4384e-07
log_rec_dev(1971)    -0.231104 -2.35079e-07
log_rec_dev(1972)    -0.344254 -6.18544e-07
log_rec_dev(1973)    -0.437007 -1.54672e-06
log_rec_dev(1974)    -0.496722 -1.26882e-06
log_rec_dev(1975)     -1.68949  -3.8323e-07
log_rec_dev(1976)     -1.61973 -6.15355e-07
log_rec_dev(1977)     -1.39545 -6.84533e-07
log_rec_dev(1978)    -0.991756 -1.41874e-06
log_rec_dev(1979)     0.960935 -6.31542e-06
log_rec_dev(1980)      1.09202 -3.32199e-06
log_rec_dev(1981)    -0.210117 -3.63283e-07
log_rec_dev(1982)      1.32799 -1.44496e-06
log_rec_dev(1983)      0.83324  2.69129e-07
log_rec_dev(1984)    -0.448521  3.26173e-07
log_rec_dev(1985)     0.217716  4.52424e-07
log_rec_dev(1986)   -0.0224919  7.00399e-07
log_rec_dev(1987)     -1.02327  1.57193e-07
log_rec_dev(1988)    -0.642034  1.62752e-07
log_rec_dev(1989)    -0.721973 -7.16031e-07
log_rec_dev(1990)    -0.325977 -1.04516e-06
log_rec_dev(1991)     0.458322 -2.95078e-06
log_rec_dev(1992)     0.146799 -1.03478e-06
log_rec_dev(1993)    0.0941366 -6.69413e-07
log_rec_dev(1994)    -0.121846  4.09719e-07
log_rec_dev(1995)     -0.52908  2.28642e-07
log_rec_dev(1996)    0.0200797  1.95157e-06
log_rec_dev(1997)     0.420206   3.0873e-06
log_rec_dev(1998)    -0.253549   2.0924e-06
log_rec_dev(1999)     0.891261  1.23884e-05
log_rec_dev(2000)     0.125741  1.08599e-05
log_rec_dev(2001)   -0.0954632  2.44932e-06
log_rec_dev(2002)      1.20218  1.83353e-05
log_rec_dev(2003)    -0.119431  9.23154e-07
log_rec_dev(2004)    -0.198775  2.08171e-06
log_rec_dev(2005)   -0.0874096 -2.65138e-06
log_rec_dev(2006)    -0.458464 -9.00324e-07
log_rec_dev(2007)    -0.266865 -1.39838e-06
log_rec_dev(2008)   -0.0940375 -1.32252e-06
log_rec_dev(2009)   -0.0644856 -5.83489e-07
log_rec_dev(2010)     0.595991  1.40837e-07
log_rec_dev(2011)    -0.916585 -5.40221e-09
log_rec_dev(2012)    -0.137987 -8.61735e-08
log_rec_dev(2013)     -1.45634  1.13228e-07
log_rec_dev(2014)    -0.264388  7.28921e-07
log_rec_dev(2015)    0.0658549 -1.11718e-06
log_rec_dev(2016)      1.50772 -3.34032e-06
log_rec_dev(2017)      0.51736 -3.73095e-07
log_rec_dev(2018)      2.33705  3.28404e-06
log_rec_dev(2019)      1.65872  1.39161e-06
log_rec_dev(2020)     0.482583  1.75705e-06
log_rec_dev(2021)      2.14936  7.10949e-07
log_rec_dev(2022)     0.357078  9.30882e-07
log_mean_rec      3.07459  1.20998e-05
logm      -2.3786 -3.08426e-06
log_avg_F_fish1     -3.00444 -1.09397e-05
log_F_devs_fish1(1960)     -2.23068 -8.26307e-07
log_F_devs_fish1(1961)    -0.569717 -5.23651e-07
log_F_devs_fish1(1962)   -0.0405395 -3.07777e-07
log_F_devs_fish1(1963)    -0.923926  7.48158e-07
log_F_devs_fish1(1964)     -2.08218  7.76963e-07
log_F_devs_fish1(1965)     -3.38728 -6.67646e-07
log_F_devs_fish1(1966)     -1.96082  4.06721e-07
log_F_devs_fish1(1967)     -1.93725   2.1646e-08
log_F_devs_fish1(1968)    -0.875775  -1.1994e-07
log_F_devs_fish1(1969)    -0.530996  4.05095e-07
log_F_devs_fish1(1970)    -0.104422  4.29958e-07
log_F_devs_fish1(1971)   -0.0369302  1.32417e-06
log_F_devs_fish1(1972)     0.263741 -1.09102e-06
log_F_devs_fish1(1973)     0.147202 -2.51934e-07
log_F_devs_fish1(1974)     0.322861  6.68565e-07
log_F_devs_fish1(1975)     0.312518 -4.04195e-08
log_F_devs_fish1(1976)     0.488156  1.24089e-07
log_F_devs_fish1(1977)     0.290019  1.27179e-06
log_F_devs_fish1(1978)    -0.363116   3.6827e-07
log_F_devs_fish1(1979)    -0.175175  1.42588e-06
log_F_devs_fish1(1980)    -0.364266  4.30888e-07
log_F_devs_fish1(1981)    -0.258515  2.70028e-07
log_F_devs_fish1(1982)    -0.433319  1.22318e-06
log_F_devs_fish1(1983)    -0.468637 -1.30341e-06
log_F_devs_fish1(1984)    -0.541981 -8.14128e-07
log_F_devs_fish1(1985)    -0.374269  6.27331e-07
log_F_devs_fish1(1986)     0.136102  5.55103e-07
log_F_devs_fish1(1987)     0.426792 -6.10186e-07
log_F_devs_fish1(1988)      0.57477  -1.6794e-06
log_F_devs_fish1(1989)     0.649071 -9.74549e-08
log_F_devs_fish1(1990)     0.674746  9.43333e-07
log_F_devs_fish1(1991)     0.641632  1.00757e-06
log_F_devs_fish1(1992)     0.584534 -3.63305e-07
log_F_devs_fish1(1993)     0.692003 -1.02717e-08
log_F_devs_fish1(1994)     0.643253  1.92514e-07
log_F_devs_fish1(1995)     0.568619  5.99103e-08
log_F_devs_fish1(1996)     0.414464 -3.57284e-07
log_F_devs_fish1(1997)     0.317638 -4.05841e-07
log_F_devs_fish1(1998)     0.326473 -4.62548e-07
log_F_devs_fish1(1999)     0.270074 -1.28921e-06
log_F_devs_fish1(2000)     0.484717 -6.16071e-07
log_F_devs_fish1(2001)     0.295363 -1.76013e-06
log_F_devs_fish1(2002)     0.285212  1.40866e-06
log_F_devs_fish1(2003)     0.453762 -1.11548e-06
log_F_devs_fish1(2004)     0.475598 -3.90096e-07
log_F_devs_fish1(2005)     0.385512 -2.98935e-08
log_F_devs_fish1(2006)     0.395026 -9.23687e-07
log_F_devs_fish1(2007)     0.451283  5.99205e-07
log_F_devs_fish1(2008)      0.40485  1.11747e-07
log_F_devs_fish1(2009)     0.366637  5.17059e-08
log_F_devs_fish1(2010)     0.328105  9.81799e-08
log_F_devs_fish1(2011)     0.492403  4.13955e-07
log_F_devs_fish1(2012)     0.594501   1.3888e-06
log_F_devs_fish1(2013)     0.590491 -4.33273e-07
log_F_devs_fish1(2014)     0.436264  7.19132e-08
log_F_devs_fish1(2015)     0.436495 -3.16184e-07
log_F_devs_fish1(2016)     0.399856  1.34295e-06
log_F_devs_fish1(2017)     0.465485  8.80499e-07
log_F_devs_fish1(2018)     0.356636 -7.29585e-07
log_F_devs_fish1(2019)      0.22105 -7.90484e-07
log_F_devs_fish1(2020)   -0.0379012  7.12801e-07
log_F_devs_fish1(2021)     0.113008 -7.09746e-07
log_F_devs_fish1(2022)     0.344538 -4.62662e-07
log_F_devs_fish1(2023)     0.176243 -9.29017e-07
log_avg_F_fish3     -4.09318 -3.68523e-05
log_F_devs_fish3(1963)    0.0357121  -1.1972e-06
log_F_devs_fish3(1964)    -0.410177  3.84336e-07
log_F_devs_fish3(1965)     0.246132 -1.26698e-06
log_F_devs_fish3(1966)     0.649842 -3.86001e-07
log_F_devs_fish3(1967)     0.905689  3.45272e-07
log_F_devs_fish3(1968)      1.16988 -9.95141e-08
log_F_devs_fish3(1969)        1.271 -1.18631e-07
log_F_devs_fish3(1970)     0.961486 -1.07477e-06
log_F_devs_fish3(1971)       1.3195 -6.44159e-07
log_F_devs_fish3(1972)       1.5692  4.05991e-07
log_F_devs_fish3(1973)      1.07125  1.97425e-07
log_F_devs_fish3(1974)     0.731252 -3.23105e-07
log_F_devs_fish3(1975)     0.479848 -1.21188e-07
log_F_devs_fish3(1976)     0.516258  1.54235e-06
log_F_devs_fish3(1977)    -0.321773  1.92475e-07
log_F_devs_fish3(1978)    -0.986546 -1.95208e-07
log_F_devs_fish3(1979)    -0.726497 -5.09064e-07
log_F_devs_fish3(1980)    -0.445872 -3.23907e-07
log_F_devs_fish3(1981)    -0.717901 -2.97503e-07
log_F_devs_fish3(1982)    -0.676821 -3.20528e-09
log_F_devs_fish3(1983)    -0.887214  -3.5184e-07
log_F_devs_fish3(1984)    -0.122858 -1.22316e-06
log_F_devs_fish3(1985)     -1.11936 -3.62286e-07
log_F_devs_fish3(1986)     0.422436 -9.62172e-07
log_F_devs_fish3(1987)     0.481162  1.16355e-06
log_F_devs_fish3(1988)     0.723517 -6.49687e-07
log_F_devs_fish3(1989)     0.596823  5.85071e-07
log_F_devs_fish3(1990)     0.246654  2.24466e-07
log_F_devs_fish3(1991)   -0.0775398  1.94324e-07
log_F_devs_fish3(1992)   -0.0610094   2.0192e-07
log_F_devs_fish3(1993)    -0.133392 -7.23385e-08
log_F_devs_fish3(1994)    0.0990235  3.32975e-07
log_F_devs_fish3(1995)    0.0462049  2.62311e-07
log_F_devs_fish3(1996)    -0.140666  -1.9193e-07
log_F_devs_fish3(1997)    -0.411229  1.91015e-07
log_F_devs_fish3(1998)    -0.473693  3.16294e-07
log_F_devs_fish3(1999)    -0.177196  6.19589e-07
log_F_devs_fish3(2000)    -0.124372 -2.33702e-08
log_F_devs_fish3(2001)    -0.298477 -2.67115e-07
log_F_devs_fish3(2002)    -0.119998 -2.37323e-07
log_F_devs_fish3(2003)    -0.215253  9.45768e-07
log_F_devs_fish3(2004)    -0.448423  1.14606e-07
log_F_devs_fish3(2005)     -0.55118  6.45232e-07
log_F_devs_fish3(2006)    -0.750251  2.39574e-07
log_F_devs_fish3(2007)    -0.748445  8.13726e-07
log_F_devs_fish3(2008)    -0.815632  1.05945e-06
log_F_devs_fish3(2009)    -0.816394  7.78526e-07
log_F_devs_fish3(2010)    -0.822914  8.00467e-07
log_F_devs_fish3(2011)    -0.579327  2.07063e-07
log_F_devs_fish3(2012)    -0.573727 -3.97862e-08
log_F_devs_fish3(2013)     -0.62162  9.73286e-07
log_F_devs_fish3(2014)    -0.615223  7.49222e-07
log_F_devs_fish3(2015)    -0.529836 -9.15023e-08
log_F_devs_fish3(2016)    -0.278381  -4.8161e-07
log_F_devs_fish3(2017)     0.201861 -5.61205e-07
log_F_devs_fish3(2018)      0.60197  4.68731e-08
log_F_devs_fish3(2019)     0.703598 -2.10724e-07
log_F_devs_fish3(2020)     0.853095 -5.73285e-07
log_F_devs_fish3(2021)     0.233865 -1.08467e-06
log_F_devs_fish3(2022)     0.265782 -1.10793e-06
log_F_devs_fish3(2023)     0.396147  3.95412e-08
log_q_srv1       2.0619  2.53922e-05
log_q_srv2      1.74613 -2.54489e-07
log_q_srv6      1.53173  1.43446e-06
log_q_srv7    -0.179862  7.19983e-06
log_q_srv8     -6.42835  6.28368e-06
log_q_LL_fish_recent     -6.87301   1.3124e-06
log_a50_fish3_f      2.29746  6.02836e-06
log_delta_fish3_f      2.15973 -8.09715e-06
log_a50_fish3_m      2.25037     -8.84957
log_a50_fish4_f      1.03421 -3.03722e-08
log_delta_fish4_f      1.27576  4.30986e-07
log_a50_fish4_m     0.882194 -1.05541e-06
log_delta_fish4_m      1.43144 -2.75003e-07
log_a50_fish5_f     0.910995 -4.60125e-08
log_delta_fish5_f     0.577619 -2.41255e-08
log_a50_fish5_m      1.18766 -5.30032e-07
log_delta_fish5_m     -0.10879  2.17826e-07
log_a50_srv1_f     0.829771  -6.1181e-06
log_delta_srv1_f      1.20357 -4.98696e-07
log_a50_srv1_m      1.08632 -2.46167e-06
log_delta_srv1_m     0.404138 -5.49519e-08
log_a50_srv7_f     -1.24636 -5.71382e-06
log_a50_srv7_m     -1.62623 -6.48907e-07
log_a50_srv10_f     0.573378 -3.99325e-07
log_delta_srv10_f      1.17537 -2.20891e-07
log_a50_srv10_m     0.774224 -1.24237e-06
log_delta_srv10_m     0.743723   6.0472e-08
