#_Random_number_seed
1234
#_Number_of_fisheries
1
#_Number_of_projection_years
14
#_Number_of_simulations
1000
#_Begin_year_of_projection
2023
#_Number_of_ages
30
#_Natural_Mortality 2 3 4 5 6 7 8 9 10 11 12 13 14 15 16 17 18 19 20 21 22 23 24 25 26 27 28 29 30 31
 0.0926803 0.0926803 0.0926803 0.0926803 0.0926803 0.0926803 0.0926803 0.0926803 0.0926803 0.0926803 0.0926803 0.0926803 0.0926803 0.0926803 0.0926803 0.0926803 0.0926803 0.0926803 0.0926803 0.0926803 0.0926803 0.0926803 0.0926803 0.0926803 0.0926803 0.0926803 0.0926803 0.0926803 0.0926803 0.0926803
#_2001_TAC_or_best_estimate_of_catch_2001
20.2368
#_F_ratio(must_sum_to_one_only_one_fishery)
1
#5year_Average_F(endyr-4,endyr_as_estimated_by_ADmodel)
0.0588247
#_Author_F_as_fraction_F_40%
1
#_Spawn_month
1
#_Wt_at_age_spawners 2 3 4 5 6 7 8 9 10 11 12 13 14 15 16 17 18 19 20 21 22 23 24 25 26 27 28 29 30 31
 0.979681 1.35981 1.7248 2.08066 2.38678 2.58298 2.74396 2.92733 3.09734 3.26175 3.47748 3.7514 4.03427 4.27703 4.45514 4.5912 4.72203 4.86714 5.02061 5.14451 5.23423 5.31703 5.41025 5.51803 5.63587 5.75532 5.91232 6.11815 6.32721 6.49494
#_Wt_at_age_fishery 2 3 4 5 6 7 8 9 10 11 12 13 14 15 16 17 18 19 20 21 22 23 24 25 26 27 28 29 30 31
 0.979681 1.35981 1.7248 2.08066 2.38678 2.58298 2.74396 2.92733 3.09734 3.26175 3.47748 3.7514 4.03427 4.27703 4.45514 4.5912 4.72203 4.86714 5.02061 5.14451 5.23423 5.31703 5.41025 5.51803 5.63587 5.75532 5.91232 6.11815 6.32721 6.49494
#_Maturity_divided_by_2(projection_program_uses_to_get_female_spawning_biomass_if_divide_by_2 2 3 4 5 6 7 8 9 10 11 12 13 14 15 16 17 18 19 20 21 22 23 24 25 26 27 28 29 30 31
 0.0111877 0.022952 0.0457405 0.0863054 0.150483 0.234325 0.318588 0.382987 0.42149 0.444762 0.464029 0.473236 0.477544 0.477755 0.475719 0.473097 0.471147 0.469164 0.467028 0.464504 0.46241 0.460649 0.458134 0.455259 0.453488 0.451877 0.448868 0.446901 0.444917 0.42653
#_Selectivity_fishery_scaled_to_max_at_one 2 3 4 5 6 7 8 9 10 11 12 13 14 15 16 17 18 19 20 21 22 23 24 25 26 27 28 29 30 31
 0.066041 0.295803 0.713905 0.936803 0.988771 0.998092 0.999678 0.999946 0.999991 0.999998 1 1 1 1 1 1 1 1 1 1 1 1 1 1 1 1 1 1 1 1
#_Numbers_at_age_end_year 2 3 4 5 6 7 8 9 10 11 12 13 14 15 16 17 18 19 20 21 22 23 24 25 26 27 28 29 30 31
 21.6411 28.0925 42.8314 8.47335 28.2995 56.8439 7.76349 17.4781 3.46616 2.1011 0.522894 1.60689 0.60772 2.28395 0.988599 0.814908 0.583636 0.409839 0.504478 0.384452 0.354758 1.12818 0.261511 0.279036 0.512971 0.138409 0.23196 0.132842 0.0654482 0.749804
#_N_recruitment_years
43
#_Recruitment_start_at_1977_yearclass=1979_for_age_2_recruits 1979 1980 1981 1982 1983 1984 1985 1986 1987 1988 1989 1990 1991 1992 1993 1994 1995 1996 1997 1998 1999 2000 2001 2002 2003 2004 2005 2006 2007 2008 2009 2010 2011 2012 2013 2014 2015 2016 2017 2018 2019 2020 2021
 56.5729 31.394 9.17496 45.9056 30.0792 8.97168 18.771 15.8648 6.26718 9.86074 9.78276 7.60357 16.6584 12.1995 11.5737 9.32547 6.20599 10.7475 16.0354 8.17471 25.6837 11.9453 9.57477 35.05 9.34801 8.63497 9.65219 6.66007 8.06658 9.58843 9.87601 19.1172 4.2123 9.17615 2.45531 8.08658 11.2509 47.5754 17.6715 109.033 46.2155 11.9076 52.6653
