#Species name here:
GOA_SABLE
#SSL Species?
0
#Constant buffer of Dorn?
0
#Number of fisheries?
2
#Number of sexes?
2
#5year_Average_F(endyr-4,endyr_as_estimated_by_ADmodel)
0.0869304
#_Author_F_as_fraction_F_40%
1
#ABC SPR
0.4
#MSY SPR
0.35
#_Spawn_month
1
#_Number_of_ages
30
#_F_ratio(must_sum_to_one_only_one_fishery)
0.704504 0.295496
#_Natural_Mortality 2 3 4 5 6 7 8 9 10 11 12 13 14 15 16 17 18 19 20 21 22 23 24 25 26 27 28 29 30 31
 0.0926803 0.0926803 0.0926803 0.0926803 0.0926803 0.0926803 0.0926803 0.0926803 0.0926803 0.0926803 0.0926803 0.0926803 0.0926803 0.0926803 0.0926803 0.0926803 0.0926803 0.0926803 0.0926803 0.0926803 0.0926803 0.0926803 0.0926803 0.0926803 0.0926803 0.0926803 0.0926803 0.0926803 0.0926803 0.0926803
#_Natural_Mortality 2 3 4 5 6 7 8 9 10 11 12 13 14 15 16 17 18 19 20 21 22 23 24 25 26 27 28 29 30 31
 0.0926803 0.0926803 0.0926803 0.0926803 0.0926803 0.0926803 0.0926803 0.0926803 0.0926803 0.0926803 0.0926803 0.0926803 0.0926803 0.0926803 0.0926803 0.0926803 0.0926803 0.0926803 0.0926803 0.0926803 0.0926803 0.0926803 0.0926803 0.0926803 0.0926803 0.0926803 0.0926803 0.0926803 0.0926803 0.0926803
#_Maturity_divided_by_2(projection_program_uses_to_get_female_spawning_biomass_if_divide_by_2 2 3 4 5 6 7 8 9 10 11 12 13 14 15 16 17 18 19 20 21 22 23 24 25 26 27 28 29 30 31
 0.0223754 0.0460186 0.0922865 0.176468 0.311118 0.48767 0.667353 0.808734 0.89911 0.949451 0.975362 0.988157 0.994346 0.997309 0.998721 0.999393 0.999712 0.999863 0.999935 0.999969 0.999985 0.999993 0.999997 0.999998 0.999999 1 1 1 1 1
#_Wt_at_age_spawners 2 3 4 5 6 7 8 9 10 11 12 13 14 15 16 17 18 19 20 21 22 23 24 25 26 27 28 29 30 31
 0.979681 1.35981 1.7248 2.08066 2.38678 2.58298 2.74396 2.92733 3.09734 3.26175 3.47748 3.7514 4.03427 4.27703 4.45514 4.5912 4.72203 4.86714 5.02061 5.14451 5.23423 5.31703 5.41025 5.51803 5.63587 5.75532 5.91232 6.11815 6.32721 6.49494
#_Wt_at_age_fishery1 female 2 3 4 5 6 7 8 9 10 11 12 13 14 15 16 17 18 19 20 21 22 23 24 25 26 27 28 29 30 31
 0.979681 1.35981 1.7248 2.08066 2.38678 2.58298 2.74396 2.92733 3.09734 3.26175 3.47748 3.7514 4.03427 4.27703 4.45514 4.5912 4.72203 4.86714 5.02061 5.14451 5.23423 5.31703 5.41025 5.51803 5.63587 5.75532 5.91232 6.11815 6.32721 6.49494
#_Wt_at_age_fishery2 female 2 3 4 5 6 7 8 9 10 11 12 13 14 15 16 17 18 19 20 21 22 23 24 25 26 27 28 29 30 31
 0.979681 1.35981 1.7248 2.08066 2.38678 2.58298 2.74396 2.92733 3.09734 3.26175 3.47748 3.7514 4.03427 4.27703 4.45514 4.5912 4.72203 4.86714 5.02061 5.14451 5.23423 5.31703 5.41025 5.51803 5.63587 5.75532 5.91232 6.11815 6.32721 6.49494
#_Wt_at_age_spawners1 male 2 3 4 5 6 7 8 9 10 11 12 13 14 15 16 17 18 19 20 21 22 23 24 25 26 27 28 29 30 31
 0.924273 1.2497 1.5508 1.77137 1.91957 2.0139 2.11101 2.1914 2.23775 2.33037 2.43258 2.53152 2.61109 2.68387 2.76082 2.82303 2.88051 2.93548 2.99635 3.04911 3.09899 3.13726 3.17 3.19483 3.21404 3.22655 3.23387 3.2375 3.24349 3.26
#_Wt_at_age_fishery2 male 2 3 4 5 6 7 8 9 10 11 12 13 14 15 16 17 18 19 20 21 22 23 24 25 26 27 28 29 30 31
 0.924273 1.2497 1.5508 1.77137 1.91957 2.0139 2.11101 2.1914 2.23775 2.33037 2.43258 2.53152 2.61109 2.68387 2.76082 2.82303 2.88051 2.93548 2.99635 3.04911 3.09899 3.13726 3.17 3.19483 3.21404 3.22655 3.23387 3.2375 3.24349 3.26
#_Selectivity_fishery_scaled_to_max_at_one 2 3 4 5 6 7 8 9 10 11 12 13 14 15 16 17 18 19 20 21 22 23 24 25 26 27 28 29 30 31
 0.066041 0.295803 0.713905 0.936803 0.988771 0.998092 0.999678 0.999946 0.999991 0.999998 1 1 1 1 1 1 1 1 1 1 1 1 1 1 1 1 1 1 1 1
 0.0626359 0.202714 0.370975 0.537568 0.685452 0.806094 0.896498 0.957119 0.990442 1 0.98974 0.963607 0.925296 0.87812 0.824944 0.768178 0.70979 0.651351 0.594073 0.538862 0.486363 0.437008 0.391055 0.348625 0.30973 0.274303 0.242216 0.213302 0.187365 0.164194
#_Selectivity_fishery_scaled_to_max_at_one 2 3 4 5 6 7 8 9 10 11 12 13 14 15 16 17 18 19 20 21 22 23 24 25 26 27 28 29 30 31
 0.114617 0.240945 0.437678 0.656183 0.823936 0.919839 0.965679 0.985713 0.994124 0.997595 0.999018 0.999599 0.999837 0.999933 0.999973 0.999989 0.999995 0.999998 0.999999 1 1 1 1 1 1 1 1 1 1 1
 0.0819015 0.242619 0.422402 0.591588 0.735406 0.847773 0.927744 0.97731 1 1 0.981603 0.948883 0.90552 0.854715 0.799172 0.741114 0.682322 0.624184 0.567748 0.513774 0.462787 0.415115 0.370933 0.330297 0.29317 0.259448 0.228977 0.201573 0.177031 0.155136
#_Numbers_at_age_end_year 2 3 4 5 6 7 8 9 10 11 12 13 14 15 16 17 18 19 20 21 22 23 24 25 26 27 28 29 30 31
 10.8206 14.0113 21.2288 4.14407 13.688 27.3134 3.70622 8.27698 1.62489 0.984241 0.248767 0.76955 0.291864 1.09411 0.470897 0.385764 0.275057 0.192308 0.23562 0.178585 0.164046 0.519697 0.119808 0.127034 0.232626 0.0625439 0.10412 0.0593674 0.029119 0.319814
 10.8206 14.0812 21.6027 4.32928 14.6115 29.5305 4.05727 9.20111 1.84127 1.11686 0.274127 0.837337 0.315857 1.18984 0.517702 0.429143 0.308579 0.217531 0.268858 0.205867 0.190712 0.608481 0.141704 0.152002 0.280345 0.0758651 0.127841 0.073475 0.0363292 0.42999
#_N_recruitment_years
43
#_Recruitment_start_at_1977_yearclass=1979_for_age_2_recruits 1979 1980 1981 1982 1983 1984 1985 1986 1987 1988 1989 1990 1991 1992 1993 1994 1995 1996 1997 1998 1999 2000 2001 2002 2003 2004 2005 2006 2007 2008 2009 2010 2011 2012 2013 2014 2015 2016 2017 2018 2019 2020 2021
 56.5729 31.394 9.17496 45.9056 30.0792 8.97168 18.771 15.8648 6.26718 9.86074 9.78276 7.60357 16.6584 12.1995 11.5737 9.32547 6.20599 10.7475 16.0354 8.17471 25.6837 11.9453 9.57477 35.05 9.34801 8.63497 9.65219 6.66007 8.06658 9.58843 9.87601 19.1172 4.2123 9.17615 2.45531 8.08658 11.2509 47.5754 17.6715 109.033 46.2155 11.9076 52.6653
#_Spawners per recruitment (starting at 1977)
 150.213 141.118 136.955 131.403 127.384 126.034 129.608 137.901 148.618 159.864 163.434 160.864 152.76 141.916 130.553 119.934 110.474 101.144 93.3938 90.4605 89.3631 87.6017 86.5206 82.4426 81.4169 82.6057 82.5173 83.3422 84.6321 85.1826 86.7572 87.7261 84.2821 82.1008 76.1281 71.787 69.1509 68.2828 67.2747 64.5037 64.9069 64.2355
