#Species name here:
GOA_SABLE
#SSL Species?
0
#Constant buffer of Dorn?
0
#Number of fisheries?
2
#Number of sexes?
2
#5year_Average_F(endyr-4,endyr_as_estimated_by_ADmodel)
0.0687486
#_Author_F_as_fraction_F_40%
1
#ABC SPR
0.4
#MSY SPR
0.35
#_Spawn_month
1
#_Number_of_ages
30
#_F_ratio(must_sum_to_one_only_one_fishery)
0.728882 0.271118
#_Natural_Mortality 2 3 4 5 6 7 8 9 10 11 12 13 14 15 16 17 18 19 20 21 22 23 24 25 26 27 28 29 30 31
 0.100028 0.100028 0.100028 0.100028 0.100028 0.100028 0.100028 0.100028 0.100028 0.100028 0.100028 0.100028 0.100028 0.100028 0.100028 0.100028 0.100028 0.100028 0.100028 0.100028 0.100028 0.100028 0.100028 0.100028 0.100028 0.100028 0.100028 0.100028 0.100028 0.100028
#_Natural_Mortality 2 3 4 5 6 7 8 9 10 11 12 13 14 15 16 17 18 19 20 21 22 23 24 25 26 27 28 29 30 31
 0.100028 0.100028 0.100028 0.100028 0.100028 0.100028 0.100028 0.100028 0.100028 0.100028 0.100028 0.100028 0.100028 0.100028 0.100028 0.100028 0.100028 0.100028 0.100028 0.100028 0.100028 0.100028 0.100028 0.100028 0.100028 0.100028 0.100028 0.100028 0.100028 0.100028
#_Maturity_divided_by_2(projection_program_uses_to_get_female_spawning_biomass_if_divide_by_2 2 3 4 5 6 7 8 9 10 11 12 13 14 15 16 17 18 19 20 21 22 23 24 25 26 27 28 29 30 31
 0.0223754 0.0460186 0.0922865 0.176468 0.311118 0.48767 0.667353 0.808734 0.89911 0.949451 0.975362 0.988157 0.994346 0.997309 0.998721 0.999393 0.999712 0.999863 0.999935 0.999969 0.999985 0.999993 0.999997 0.999998 0.999999 1 1 1 1 1
#_Wt_at_age_spawners 2 3 4 5 6 7 8 9 10 11 12 13 14 15 16 17 18 19 20 21 22 23 24 25 26 27 28 29 30 31
 1.1289 1.5716 2.0231 2.4639 2.8806 3.2653 3.614 3.9258 4.2014 4.4427 4.6527 4.8342 4.9903 5.1242 5.2385 5.336 5.4188 5.4891 5.5486 5.599 5.6416 5.6775 5.7079 5.7335 5.755 5.7732 5.7885 5.8014 5.8122 5.8455
#_Wt_at_age_fishery1 female 2 3 4 5 6 7 8 9 10 11 12 13 14 15 16 17 18 19 20 21 22 23 24 25 26 27 28 29 30 31
 1.1289 1.5716 2.0231 2.4639 2.8806 3.2653 3.614 3.9258 4.2014 4.4427 4.6527 4.8342 4.9903 5.1242 5.2385 5.336 5.4188 5.4891 5.5486 5.599 5.6416 5.6775 5.7079 5.7335 5.755 5.7732 5.7885 5.8014 5.8122 5.8455
#_Wt_at_age_fishery2 female 2 3 4 5 6 7 8 9 10 11 12 13 14 15 16 17 18 19 20 21 22 23 24 25 26 27 28 29 30 31
 1.1289 1.5716 2.0231 2.4639 2.8806 3.2653 3.614 3.9258 4.2014 4.4427 4.6527 4.8342 4.9903 5.1242 5.2385 5.336 5.4188 5.4891 5.5486 5.599 5.6416 5.6775 5.7079 5.7335 5.755 5.7732 5.7885 5.8014 5.8122 5.8455
#_Wt_at_age_spawners1 male 2 3 4 5 6 7 8 9 10 11 12 13 14 15 16 17 18 19 20 21 22 23 24 25 26 27 28 29 30 31
 1.0695 1.4409 1.7768 2.0663 2.3077 2.5044 2.6622 2.7872 2.8854 2.962 3.0214 3.0674 3.1029 3.1302 3.1511 3.1672 3.1796 3.189 3.1963 3.2018 3.2061 3.2093 3.2118 3.2137 3.2152 3.2163 3.2171 3.2178 3.2183 3.2193
#_Wt_at_age_fishery2 male 2 3 4 5 6 7 8 9 10 11 12 13 14 15 16 17 18 19 20 21 22 23 24 25 26 27 28 29 30 31
 1.0695 1.4409 1.7768 2.0663 2.3077 2.5044 2.6622 2.7872 2.8854 2.962 3.0214 3.0674 3.1029 3.1302 3.1511 3.1672 3.1796 3.189 3.1963 3.2018 3.2061 3.2093 3.2118 3.2137 3.2152 3.2163 3.2171 3.2178 3.2183 3.2193
#_Selectivity_fishery_scaled_to_max_at_one 2 3 4 5 6 7 8 9 10 11 12 13 14 15 16 17 18 19 20 21 22 23 24 25 26 27 28 29 30 31
 0.0483094 0.389061 0.888756 0.990121 0.999205 0.999937 0.999995 1 1 1 1 1 1 1 1 1 1 1 1 1 1 1 1 1 1 1 1 1 1 1
 0.145027 0.3583 0.560735 0.727923 0.852959 0.936773 0.983837 1 0.991338 0.963566 0.921751 0.870214 0.812521 0.751542 0.689518 0.628157 0.568713 0.512069 0.458811 0.409286 0.363659 0.321956 0.284102 0.249947 0.219292 0.191909 0.167551 0.145966 0.126905 0.110124
#_Selectivity_fishery_scaled_to_max_at_one 2 3 4 5 6 7 8 9 10 11 12 13 14 15 16 17 18 19 20 21 22 23 24 25 26 27 28 29 30 31
 0.123934 0.266046 0.481543 0.704132 0.859116 0.93985 0.975632 0.990346 0.99621 0.998518 0.999421 0.999774 0.999912 0.999966 0.999987 0.999995 0.999998 0.999999 1 1 1 1 1 1 1 1 1 1 1 1
 0.200012 0.43981 0.644787 0.80073 0.907944 0.971963 1 0.999382 0.976845 0.938246 0.8885 0.83161 0.770756 0.708406 0.646423 0.586173 0.528615 0.474386 0.42387 0.377256 0.334585 0.295794 0.260738 0.229225 0.201028 0.175903 0.153596 0.13386 0.116449 0.101134
#_Numbers_at_age_end_year 2 3 4 5 6 7 8 9 10 11 12 13 14 15 16 17 18 19 20 21 22 23 24 25 26 27 28 29 30 31
 11.5191 14.8256 21.2291 2.82236 18.0048 22.1418 4.32042 7.37186 1.78759 0.787894 0.372437 0.757583 0.532397 1.08219 0.559814 0.407883 0.32508 0.185037 0.285881 0.161091 0.232339 0.534928 0.13532 0.137975 0.24966 0.0592702 0.122406 0.0561891 0.0284183 0.316161
 11.5191 14.8815 21.6326 2.96061 19.2202 23.8915 4.72647 8.2029 2.03358 0.902285 0.413866 0.830554 0.582536 1.19004 0.621302 0.457804 0.368273 0.211314 0.329012 0.187181 0.272319 0.631052 0.160898 0.165826 0.302906 0.072373 0.151088 0.069984 0.0357119 0.427975
#_N_recruitment_years
43
#_Recruitment_start_at_1977_yearclass=1979_for_age_2_recruits 1979 1980 1981 1982 1983 1984 1985 1986 1987 1988 1989 1990 1991 1992 1993 1994 1995 1996 1997 1998 1999 2000 2001 2002 2003 2004 2005 2006 2007 2008 2009 2010 2011 2012 2013 2014 2015 2016 2017 2018 2019 2020 2021
 45.8455 54.8851 11.5819 37.9723 36.1501 19.2346 14.9727 14.6845 9.80212 7.25912 8.08333 10.4665 16.0806 11.4139 18.7212 6.43328 6.36889 10.5852 19.4062 7.89083 27.8667 12.9348 10.6319 35.1124 12.7613 7.43266 11.0898 6.03579 8.93745 9.46943 10.9514 17.7351 7.27971 8.65458 3.57907 6.4772 12.4887 42.9855 21.0093 90.3887 62.3225 8.31955 53.5231
#_Spawners per recruitment (starting at 1977)
 155.294 145.623 140.662 134.402 129.5 127.022 130.27 139.298 151.7 165.014 171.048 170.571 163.678 153.36 141.771 130.285 119.703 109.12 100.512 94.4781 90.5055 87.6454 85.1355 83.0224 80.7979 80.966 82.1449 83.5413 85.428 87.8578 90.0252 90.497 89.5117 87.4752 84.9325 81.7 78.5231 75.9392 74.4125 73.0113 71.8183 71.5591
