#_Random_number_seed
1234
#_Number_of_fisheries
1
#_Number_of_projection_years
14
#_Number_of_simulations
1000
#_Begin_year_of_projection
2023
#_Number_of_ages
30
#_Natural_Mortality 2 3 4 5 6 7 8 9 10 11 12 13 14 15 16 17 18 19 20 21 22 23 24 25 26 27 28 29 30 31
 0.100028 0.100028 0.100028 0.100028 0.100028 0.100028 0.100028 0.100028 0.100028 0.100028 0.100028 0.100028 0.100028 0.100028 0.100028 0.100028 0.100028 0.100028 0.100028 0.100028 0.100028 0.100028 0.100028 0.100028 0.100028 0.100028 0.100028 0.100028 0.100028 0.100028
#_2001_TAC_or_best_estimate_of_catch_2001
20.2368
#_F_ratio(must_sum_to_one_only_one_fishery)
1
#5year_Average_F(endyr-4,endyr_as_estimated_by_ADmodel)
0.0486951
#_Author_F_as_fraction_F_40%
1
#_Spawn_month
1
#_Wt_at_age_spawners 2 3 4 5 6 7 8 9 10 11 12 13 14 15 16 17 18 19 20 21 22 23 24 25 26 27 28 29 30 31
 1.1289 1.5716 2.0231 2.4639 2.8806 3.2653 3.614 3.9258 4.2014 4.4427 4.6527 4.8342 4.9903 5.1242 5.2385 5.336 5.4188 5.4891 5.5486 5.599 5.6416 5.6775 5.7079 5.7335 5.755 5.7732 5.7885 5.8014 5.8122 5.8455
#_Wt_at_age_fishery 2 3 4 5 6 7 8 9 10 11 12 13 14 15 16 17 18 19 20 21 22 23 24 25 26 27 28 29 30 31
 1.1289 1.5716 2.0231 2.4639 2.8806 3.2653 3.614 3.9258 4.2014 4.4427 4.6527 4.8342 4.9903 5.1242 5.2385 5.336 5.4188 5.4891 5.5486 5.599 5.6416 5.6775 5.7079 5.7335 5.755 5.7732 5.7885 5.8014 5.8122 5.8455
#_Maturity_divided_by_2(projection_program_uses_to_get_female_spawning_biomass_if_divide_by_2 2 3 4 5 6 7 8 9 10 11 12 13 14 15 16 17 18 19 20 21 22 23 24 25 26 27 28 29 30 31
 0.0111877 0.0229661 0.0457088 0.0861246 0.15048 0.234567 0.3187 0.382791 0.420615 0.442596 0.461986 0.471377 0.474815 0.474988 0.473365 0.470881 0.468717 0.466788 0.464898 0.46253 0.460382 0.458776 0.456825 0.454162 0.451818 0.450234 0.447562 0.445333 0.443135 0.424869
#_Selectivity_fishery_scaled_to_max_at_one 2 3 4 5 6 7 8 9 10 11 12 13 14 15 16 17 18 19 20 21 22 23 24 25 26 27 28 29 30 31
 0.0483094 0.389061 0.888756 0.990121 0.999205 0.999937 0.999995 1 1 1 1 1 1 1 1 1 1 1 1 1 1 1 1 1 1 1 1 1 1 1
#_Numbers_at_age_end_year 2 3 4 5 6 7 8 9 10 11 12 13 14 15 16 17 18 19 20 21 22 23 24 25 26 27 28 29 30 31
 23.0383 29.7071 42.8617 5.78296 37.225 46.0333 9.0469 15.5748 3.82117 1.69018 0.786303 1.58814 1.11493 2.27223 1.18112 0.865687 0.693354 0.396351 0.614893 0.348271 0.504658 1.16598 0.296218 0.303801 0.552566 0.131643 0.273494 0.126173 0.0641302 0.744136
#_N_recruitment_years
43
#_Recruitment_start_at_1977_yearclass=1979_for_age_2_recruits 1979 1980 1981 1982 1983 1984 1985 1986 1987 1988 1989 1990 1991 1992 1993 1994 1995 1996 1997 1998 1999 2000 2001 2002 2003 2004 2005 2006 2007 2008 2009 2010 2011 2012 2013 2014 2015 2016 2017 2018 2019 2020 2021
 45.8455 54.8851 11.5819 37.9723 36.1501 19.2346 14.9727 14.6845 9.80212 7.25912 8.08333 10.4665 16.0806 11.4139 18.7212 6.43328 6.36889 10.5852 19.4062 7.89083 27.8667 12.9348 10.6319 35.1124 12.7613 7.43266 11.0898 6.03579 8.93745 9.46943 10.9514 17.7351 7.27971 8.65458 3.57907 6.4772 12.4887 42.9855 21.0093 90.3887 62.3225 8.31955 53.5231
