#_Random_number_seed
1234
#_Number_of_fisheries
1
#_Number_of_projection_years
14
#_Number_of_simulations
1000
#_Begin_year_of_projection
2023
#_Number_of_ages
30
#_Natural_Mortality 2 3 4 5 6 7 8 9 10 11 12 13 14 15 16 17 18 19 20 21 22 23 24 25 26 27 28 29 30 31
 0.0999984 0.0999984 0.0999984 0.0999984 0.0999984 0.0999984 0.0999984 0.0999984 0.0999984 0.0999984 0.0999984 0.0999984 0.0999984 0.0999984 0.0999984 0.0999984 0.0999984 0.0999984 0.0999984 0.0999984 0.0999984 0.0999984 0.0999984 0.0999984 0.0999984 0.0999984 0.0999984 0.0999984 0.0999984 0.0999984
#_2001_TAC_or_best_estimate_of_catch_2001
20.2368
#_F_ratio(must_sum_to_one_only_one_fishery)
1
#5year_Average_F(endyr-4,endyr_as_estimated_by_ADmodel)
0.0407211
#_Author_F_as_fraction_F_40%
1
#_Spawn_month
1
#_Wt_at_age_spawners 2 3 4 5 6 7 8 9 10 11 12 13 14 15 16 17 18 19 20 21 22 23 24 25 26 27 28 29 30 31
 1.19991 1.52822 1.83955 2.12891 2.36569 2.53628 2.65999 2.77502 2.90015 3.04915 3.23005 3.43884 3.66695 3.89994 4.12175 4.32358 4.50519 4.67196 4.82832 4.97399 5.10857 5.23606 5.36043 5.4835 5.6106 5.74226 5.87962 6.02337 6.17018 6.31603
#_Wt_at_age_fishery 2 3 4 5 6 7 8 9 10 11 12 13 14 15 16 17 18 19 20 21 22 23 24 25 26 27 28 29 30 31
 1.19991 1.52822 1.83955 2.12891 2.36569 2.53628 2.65999 2.77502 2.90015 3.04915 3.23005 3.43884 3.66695 3.89994 4.12175 4.32358 4.50519 4.67196 4.82832 4.97399 5.10857 5.23606 5.36043 5.4835 5.6106 5.74226 5.87962 6.02337 6.17018 6.31603
#_Maturity_divided_by_2(projection_program_uses_to_get_female_spawning_biomass_if_divide_by_2 2 3 4 5 6 7 8 9 10 11 12 13 14 15 16 17 18 19 20 21 22 23 24 25 26 27 28 29 30 31
 0.0111877 0.0229162 0.0455683 0.0856866 0.149053 0.231444 0.313774 0.376775 0.41542 0.438247 0.45278 0.458606 0.46095 0.461626 0.462224 0.463382 0.464421 0.464631 0.464195 0.463534 0.462804 0.461437 0.459785 0.458758 0.457818 0.456216 0.454598 0.453522 0.452153 0.434848
#_Selectivity_fishery_scaled_to_max_at_one 2 3 4 5 6 7 8 9 10 11 12 13 14 15 16 17 18 19 20 21 22 23 24 25 26 27 28 29 30 31
 0.0380142 0.289277 0.807406 0.977365 0.997757 0.999782 0.999979 0.999998 1 1 1 1 1 1 1 1 1 1 1 1 1 1 1 1 1 1 1 1 1 1
#_Numbers_at_age_end_year 2 3 4 5 6 7 8 9 10 11 12 13 14 15 16 17 18 19 20 21 22 23 24 25 26 27 28 29 30 31
 26.0509 14.4326 36.3157 18.4291 30.9087 85.0736 10.64 30.0926 5.21332 3.29652 0.695261 2.61809 0.935649 3.27093 1.71665 1.30227 0.822172 0.668015 0.830066 0.634059 0.577278 1.98751 0.514342 0.440434 1.01327 0.220052 0.438863 0.229321 0.100687 1.4718
#_N_recruitment_years
43
#_Recruitment_start_at_1977_yearclass=1979_for_age_2_recruits 1979 1980 1981 1982 1983 1984 1985 1986 1987 1988 1989 1990 1991 1992 1993 1994 1995 1996 1997 1998 1999 2000 2001 2002 2003 2004 2005 2006 2007 2008 2009 2010 2011 2012 2013 2014 2015 2016 2017 2018 2019 2020 2021
 26.994 63.2522 26.4801 17.1184 57.7414 40.1161 7.60733 18.2769 20.032 5.08182 7.60628 11.2178 18.4198 4.64561 26.3926 6.4486 6.58937 12.9226 21.2862 9.16453 36.2142 13.5046 13.4942 44.5289 11.0617 10.4142 11.6945 8.08166 8.54724 11.6134 13.0614 21.1095 5.11397 12.1615 2.7649 11.349 15.4632 76.4351 23.1481 159.204 50.0456 25.9554 44.8967
