47.5073964310633 52.7584870526052 57.613264168527 61.3826452463543 64.2768233489372 66.6117011701742 68.7611523408646 70.647505548983 72.0460675533301 73.1949805561828 74.4060987018372 75.4520912206449 76.4072015286239 77.2463142547618 77.9972258229755 78.6657632903331 79.2233578257278 79.6949445058894 80.0915829968668 80.4259435114922 80.7090021354685 80.9511942365559 81.1580612743365 81.3339505153834 81.4821037053001 81.6052921849652 81.7058062585327 81.7859381991395 81.8483609011308 81.8958121068131
47.5073964310633 52.7584870526052 57.613264168527 61.3826452463543 64.2768233489372 66.6117011701742 68.7611523408646 70.647505548983 72.0460675533301 73.1949805561828 74.4060987018372 75.4520912206449 76.4072015286239 77.2463142547618 77.9972258229755 78.6657632903331 79.2233578257278 79.6949445058894 80.0915829968668 80.4259435114922 80.7090021354685 80.9511942365559 81.1580612743365 81.3339505153834 81.4821037053001 81.6052921849652 81.7058062585327 81.7859381991395 81.8483609011308 81.8958121068131
47.5073964310633 52.7584870526052 57.613264168527 61.3826452463543 64.2768233489372 66.6117011701742 68.7611523408646 70.647505548983 72.0460675533301 73.1949805561828 74.4060987018372 75.4520912206449 76.4072015286239 77.2463142547618 77.9972258229755 78.6657632903331 79.2233578257278 79.6949445058894 80.0915829968668 80.4259435114922 80.7090021354685 80.9511942365559 81.1580612743365 81.3339505153834 81.4821037053001 81.6052921849652 81.7058062585327 81.7859381991395 81.8483609011308 81.8958121068131
47.5073964310633 52.7584870526052 57.613264168527 61.3826452463543 64.2768233489372 66.6117011701742 68.7611523408646 70.647505548983 72.0460675533301 73.1949805561828 74.4060987018372 75.4520912206449 76.4072015286239 77.2463142547618 77.9972258229755 78.6657632903331 79.2233578257278 79.6949445058894 80.0915829968668 80.4259435114922 80.7090021354685 80.9511942365559 81.1580612743365 81.3339505153834 81.4821037053001 81.6052921849652 81.7058062585327 81.7859381991395 81.8483609011308 81.8958121068131
47.5073964310633 52.7584870526052 57.613264168527 61.3826452463543 64.2768233489372 66.6117011701742 68.7611523408646 70.647505548983 72.0460675533301 73.1949805561828 74.4060987018372 75.4520912206449 76.4072015286239 77.2463142547618 77.9972258229755 78.6657632903331 79.2233578257278 79.6949445058894 80.0915829968668 80.4259435114922 80.7090021354685 80.9511942365559 81.1580612743365 81.3339505153834 81.4821037053001 81.6052921849652 81.7058062585327 81.7859381991395 81.8483609011308 81.8958121068131
47.5073964310633 52.7584870526052 57.613264168527 61.3826452463543 64.2768233489372 66.6117011701742 68.7611523408646 70.647505548983 72.0460675533301 73.1949805561828 74.4060987018372 75.4520912206449 76.4072015286239 77.2463142547618 77.9972258229755 78.6657632903331 79.2233578257278 79.6949445058894 80.0915829968668 80.4259435114922 80.7090021354685 80.9511942365559 81.1580612743365 81.3339505153834 81.4821037053001 81.6052921849652 81.7058062585327 81.7859381991395 81.8483609011308 81.8958121068131
47.5073964310633 52.7584870526052 57.613264168527 61.3826452463543 64.2768233489372 66.6117011701742 68.7611523408646 70.647505548983 72.0460675533301 73.1949805561828 74.4060987018372 75.4520912206449 76.4072015286239 77.2463142547618 77.9972258229755 78.6657632903331 79.2233578257278 79.6949445058894 80.0915829968668 80.4259435114922 80.7090021354685 80.9511942365559 81.1580612743365 81.3339505153834 81.4821037053001 81.6052921849652 81.7058062585327 81.7859381991395 81.8483609011308 81.8958121068131
47.5073964310633 52.7584870526052 57.613264168527 61.3826452463543 64.2768233489372 66.6117011701742 68.7611523408646 70.647505548983 72.0460675533301 73.1949805561828 74.4060987018372 75.4520912206449 76.4072015286239 77.2463142547618 77.9972258229755 78.6657632903331 79.2233578257278 79.6949445058894 80.0915829968668 80.4259435114922 80.7090021354685 80.9511942365559 81.1580612743365 81.3339505153834 81.4821037053001 81.6052921849652 81.7058062585327 81.7859381991395 81.8483609011308 81.8958121068131
47.5073964310633 52.7584870526052 57.613264168527 61.3826452463543 64.2768233489372 66.6117011701742 68.7611523408646 70.647505548983 72.0460675533301 73.1949805561828 74.4060987018372 75.4520912206449 76.4072015286239 77.2463142547618 77.9972258229755 78.6657632903331 79.2233578257278 79.6949445058894 80.0915829968668 80.4259435114922 80.7090021354685 80.9511942365559 81.1580612743365 81.3339505153834 81.4821037053001 81.6052921849652 81.7058062585327 81.7859381991395 81.8483609011308 81.8958121068131
47.5073964310633 52.7584870526052 57.613264168527 61.3826452463543 64.2768233489372 66.6117011701742 68.7611523408646 70.647505548983 72.0460675533301 73.1949805561828 74.4060987018372 75.4520912206449 76.4072015286239 77.2463142547618 77.9972258229755 78.6657632903331 79.2233578257278 79.6949445058894 80.0915829968668 80.4259435114922 80.7090021354685 80.9511942365559 81.1580612743365 81.3339505153834 81.4821037053001 81.6052921849652 81.7058062585327 81.7859381991395 81.8483609011308 81.8958121068131
47.5073964310633 52.7584870526052 57.613264168527 61.3826452463543 64.2768233489372 66.6117011701742 68.7611523408646 70.647505548983 72.0460675533301 73.1949805561828 74.4060987018372 75.4520912206449 76.4072015286239 77.2463142547618 77.9972258229755 78.6657632903331 79.2233578257278 79.6949445058894 80.0915829968668 80.4259435114922 80.7090021354685 80.9511942365559 81.1580612743365 81.3339505153834 81.4821037053001 81.6052921849652 81.7058062585327 81.7859381991395 81.8483609011308 81.8958121068131
47.5073964310633 52.7584870526052 57.613264168527 61.3826452463543 64.2768233489372 66.6117011701742 68.7611523408646 70.647505548983 72.0460675533301 73.1949805561828 74.4060987018372 75.4520912206449 76.4072015286239 77.2463142547618 77.9972258229755 78.6657632903331 79.2233578257278 79.6949445058894 80.0915829968668 80.4259435114922 80.7090021354685 80.9511942365559 81.1580612743365 81.3339505153834 81.4821037053001 81.6052921849652 81.7058062585327 81.7859381991395 81.8483609011308 81.8958121068131
47.5073964310633 52.7584870526052 57.613264168527 61.3826452463543 64.2768233489372 66.6117011701742 68.7611523408646 70.647505548983 72.0460675533301 73.1949805561828 74.4060987018372 75.4520912206449 76.4072015286239 77.2463142547618 77.9972258229755 78.6657632903331 79.2233578257278 79.6949445058894 80.0915829968668 80.4259435114922 80.7090021354685 80.9511942365559 81.1580612743365 81.3339505153834 81.4821037053001 81.6052921849652 81.7058062585327 81.7859381991395 81.8483609011308 81.8958121068131
47.5073964310633 52.7584870526052 57.613264168527 61.3826452463543 64.2768233489372 66.6117011701742 68.7611523408646 70.647505548983 72.0460675533301 73.1949805561828 74.4060987018372 75.4520912206449 76.4072015286239 77.2463142547618 77.9972258229755 78.6657632903331 79.2233578257278 79.6949445058894 80.0915829968668 80.4259435114922 80.7090021354685 80.9511942365559 81.1580612743365 81.3339505153834 81.4821037053001 81.6052921849652 81.7058062585327 81.7859381991395 81.8483609011308 81.8958121068131
47.5073964310633 52.7584870526052 57.613264168527 61.3826452463543 64.2768233489372 66.6117011701742 68.7611523408646 70.647505548983 72.0460675533301 73.1949805561828 74.4060987018372 75.4520912206449 76.4072015286239 77.2463142547618 77.9972258229755 78.6657632903331 79.2233578257278 79.6949445058894 80.0915829968668 80.4259435114922 80.7090021354685 80.9511942365559 81.1580612743365 81.3339505153834 81.4821037053001 81.6052921849652 81.7058062585327 81.7859381991395 81.8483609011308 81.8958121068131
47.5073964310633 52.7584870526052 57.613264168527 61.3826452463543 64.2768233489372 66.6117011701742 68.7611523408646 70.647505548983 72.0460675533301 73.1949805561828 74.4060987018372 75.4520912206449 76.4072015286239 77.2463142547618 77.9972258229755 78.6657632903331 79.2233578257278 79.6949445058894 80.0915829968668 80.4259435114922 80.7090021354685 80.9511942365559 81.1580612743365 81.3339505153834 81.4821037053001 81.6052921849652 81.7058062585327 81.7859381991395 81.8483609011308 81.8958121068131
47.5073964310633 52.7584870526052 57.613264168527 61.3826452463543 64.2768233489372 66.6117011701742 68.7611523408646 70.647505548983 72.0460675533301 73.1949805561828 74.4060987018372 75.4520912206449 76.4072015286239 77.2463142547618 77.9972258229755 78.6657632903331 79.2233578257278 79.6949445058894 80.0915829968668 80.4259435114922 80.7090021354685 80.9511942365559 81.1580612743365 81.3339505153834 81.4821037053001 81.6052921849652 81.7058062585327 81.7859381991395 81.8483609011308 81.8958121068131
47.5073964310633 52.7584870526052 57.613264168527 61.3826452463543 64.2768233489372 66.6117011701742 68.7611523408646 70.647505548983 72.0460675533301 73.1949805561828 74.4060987018372 75.4520912206449 76.4072015286239 77.2463142547618 77.9972258229755 78.6657632903331 79.2233578257278 79.6949445058894 80.0915829968668 80.4259435114922 80.7090021354685 80.9511942365559 81.1580612743365 81.3339505153834 81.4821037053001 81.6052921849652 81.7058062585327 81.7859381991395 81.8483609011308 81.8958121068131
47.5073964310633 52.7584870526052 57.613264168527 61.3826452463543 64.2768233489372 66.6117011701742 68.7611523408646 70.647505548983 72.0460675533301 73.1949805561828 74.4060987018372 75.4520912206449 76.4072015286239 77.2463142547618 77.9972258229755 78.6657632903331 79.2233578257278 79.6949445058894 80.0915829968668 80.4259435114922 80.7090021354685 80.9511942365559 81.1580612743365 81.3339505153834 81.4821037053001 81.6052921849652 81.7058062585327 81.7859381991395 81.8483609011308 81.8958121068131
47.5073964310633 52.7584870526052 57.613264168527 61.3826452463543 64.2768233489372 66.6117011701742 68.7611523408646 70.647505548983 72.0460675533301 73.1949805561828 74.4060987018372 75.4520912206449 76.4072015286239 77.2463142547618 77.9972258229755 78.6657632903331 79.2233578257278 79.6949445058894 80.0915829968668 80.4259435114922 80.7090021354685 80.9511942365559 81.1580612743365 81.3339505153834 81.4821037053001 81.6052921849652 81.7058062585327 81.7859381991395 81.8483609011308 81.8958121068131
47.5073964310633 52.7584870526052 57.613264168527 61.3826452463543 64.2768233489372 66.6117011701742 68.7611523408646 70.647505548983 72.0460675533301 73.1949805561828 74.4060987018372 75.4520912206449 76.4072015286239 77.2463142547618 77.9972258229755 78.6657632903331 79.2233578257278 79.6949445058894 80.0915829968668 80.4259435114922 80.7090021354685 80.9511942365559 81.1580612743365 81.3339505153834 81.4821037053001 81.6052921849652 81.7058062585327 81.7859381991395 81.8483609011308 81.8958121068131
47.5073964310633 52.7584870526052 57.613264168527 61.3826452463543 64.2768233489372 66.6117011701742 68.7611523408646 70.647505548983 72.0460675533301 73.1949805561828 74.4060987018372 75.4520912206449 76.4072015286239 77.2463142547618 77.9972258229755 78.6657632903331 79.2233578257278 79.6949445058894 80.0915829968668 80.4259435114922 80.7090021354685 80.9511942365559 81.1580612743365 81.3339505153834 81.4821037053001 81.6052921849652 81.7058062585327 81.7859381991395 81.8483609011308 81.8958121068131
47.5073964310633 52.7584870526052 57.613264168527 61.3826452463543 64.2768233489372 66.6117011701742 68.7611523408646 70.647505548983 72.0460675533301 73.1949805561828 74.4060987018372 75.4520912206449 76.4072015286239 77.2463142547618 77.9972258229755 78.6657632903331 79.2233578257278 79.6949445058894 80.0915829968668 80.4259435114922 80.7090021354685 80.9511942365559 81.1580612743365 81.3339505153834 81.4821037053001 81.6052921849652 81.7058062585327 81.7859381991395 81.8483609011308 81.8958121068131
47.5073964310633 52.7584870526052 57.613264168527 61.3826452463543 64.2768233489372 66.6117011701742 68.7611523408646 70.647505548983 72.0460675533301 73.1949805561828 74.4060987018372 75.4520912206449 76.4072015286239 77.2463142547618 77.9972258229755 78.6657632903331 79.2233578257278 79.6949445058894 80.0915829968668 80.4259435114922 80.7090021354685 80.9511942365559 81.1580612743365 81.3339505153834 81.4821037053001 81.6052921849652 81.7058062585327 81.7859381991395 81.8483609011308 81.8958121068131
47.5073964310633 52.7584870526052 57.613264168527 61.3826452463543 64.2768233489372 66.6117011701742 68.7611523408646 70.647505548983 72.0460675533301 73.1949805561828 74.4060987018372 75.4520912206449 76.4072015286239 77.2463142547618 77.9972258229755 78.6657632903331 79.2233578257278 79.6949445058894 80.0915829968668 80.4259435114922 80.7090021354685 80.9511942365559 81.1580612743365 81.3339505153834 81.4821037053001 81.6052921849652 81.7058062585327 81.7859381991395 81.8483609011308 81.8958121068131
47.5073964310633 52.7584870526052 57.613264168527 61.3826452463543 64.2768233489372 66.6117011701742 68.7611523408646 70.647505548983 72.0460675533301 73.1949805561828 74.4060987018372 75.4520912206449 76.4072015286239 77.2463142547618 77.9972258229755 78.6657632903331 79.2233578257278 79.6949445058894 80.0915829968668 80.4259435114922 80.7090021354685 80.9511942365559 81.1580612743365 81.3339505153834 81.4821037053001 81.6052921849652 81.7058062585327 81.7859381991395 81.8483609011308 81.8958121068131
47.5073964310633 52.7584870526052 57.613264168527 61.3826452463543 64.2768233489372 66.6117011701742 68.7611523408646 70.647505548983 72.0460675533301 73.1949805561828 74.4060987018372 75.4520912206449 76.4072015286239 77.2463142547618 77.9972258229755 78.6657632903331 79.2233578257278 79.6949445058894 80.0915829968668 80.4259435114922 80.7090021354685 80.9511942365559 81.1580612743365 81.3339505153834 81.4821037053001 81.6052921849652 81.7058062585327 81.7859381991395 81.8483609011308 81.8958121068131
47.5073964310633 52.7584870526052 57.613264168527 61.3826452463543 64.2768233489372 66.6117011701742 68.7611523408646 70.647505548983 72.0460675533301 73.1949805561828 74.4060987018372 75.4520912206449 76.4072015286239 77.2463142547618 77.9972258229755 78.6657632903331 79.2233578257278 79.6949445058894 80.0915829968668 80.4259435114922 80.7090021354685 80.9511942365559 81.1580612743365 81.3339505153834 81.4821037053001 81.6052921849652 81.7058062585327 81.7859381991395 81.8483609011308 81.8958121068131
47.5073964310633 52.7584870526052 57.613264168527 61.3826452463543 64.2768233489372 66.6117011701742 68.7611523408646 70.647505548983 72.0460675533301 73.1949805561828 74.4060987018372 75.4520912206449 76.4072015286239 77.2463142547618 77.9972258229755 78.6657632903331 79.2233578257278 79.6949445058894 80.0915829968668 80.4259435114922 80.7090021354685 80.9511942365559 81.1580612743365 81.3339505153834 81.4821037053001 81.6052921849652 81.7058062585327 81.7859381991395 81.8483609011308 81.8958121068131
47.5073964310633 52.7584870526052 57.613264168527 61.3826452463543 64.2768233489372 66.6117011701742 68.7611523408646 70.647505548983 72.0460675533301 73.1949805561828 74.4060987018372 75.4520912206449 76.4072015286239 77.2463142547618 77.9972258229755 78.6657632903331 79.2233578257278 79.6949445058894 80.0915829968668 80.4259435114922 80.7090021354685 80.9511942365559 81.1580612743365 81.3339505153834 81.4821037053001 81.6052921849652 81.7058062585327 81.7859381991395 81.8483609011308 81.8958121068131
47.5073964310633 52.7584870526052 57.613264168527 61.3826452463543 64.2768233489372 66.6117011701742 68.7611523408646 70.647505548983 72.0460675533301 73.1949805561828 74.4060987018372 75.4520912206449 76.4072015286239 77.2463142547618 77.9972258229755 78.6657632903331 79.2233578257278 79.6949445058894 80.0915829968668 80.4259435114922 80.7090021354685 80.9511942365559 81.1580612743365 81.3339505153834 81.4821037053001 81.6052921849652 81.7058062585327 81.7859381991395 81.8483609011308 81.8958121068131
47.5073964310633 52.7584870526052 57.613264168527 61.3826452463543 64.2768233489372 66.6117011701742 68.7611523408646 70.647505548983 72.0460675533301 73.1949805561828 74.4060987018372 75.4520912206449 76.4072015286239 77.2463142547618 77.9972258229755 78.6657632903331 79.2233578257278 79.6949445058894 80.0915829968668 80.4259435114922 80.7090021354685 80.9511942365559 81.1580612743365 81.3339505153834 81.4821037053001 81.6052921849652 81.7058062585327 81.7859381991395 81.8483609011308 81.8958121068131
47.5073964310633 52.7584870526052 57.613264168527 61.3826452463543 64.2768233489372 66.6117011701742 68.7611523408646 70.647505548983 72.0460675533301 73.1949805561828 74.4060987018372 75.4520912206449 76.4072015286239 77.2463142547618 77.9972258229755 78.6657632903331 79.2233578257278 79.6949445058894 80.0915829968668 80.4259435114922 80.7090021354685 80.9511942365559 81.1580612743365 81.3339505153834 81.4821037053001 81.6052921849652 81.7058062585327 81.7859381991395 81.8483609011308 81.8958121068131
47.5073964310633 52.7584870526052 57.613264168527 61.3826452463543 64.2768233489372 66.6117011701742 68.7611523408646 70.647505548983 72.0460675533301 73.1949805561828 74.4060987018372 75.4520912206449 76.4072015286239 77.2463142547618 77.9972258229755 78.6657632903331 79.2233578257278 79.6949445058894 80.0915829968668 80.4259435114922 80.7090021354685 80.9511942365559 81.1580612743365 81.3339505153834 81.4821037053001 81.6052921849652 81.7058062585327 81.7859381991395 81.8483609011308 81.8958121068131
47.5073964310633 52.7584870526052 57.613264168527 61.3826452463543 64.2768233489372 66.6117011701742 68.7611523408646 70.647505548983 72.0460675533301 73.1949805561828 74.4060987018372 75.4520912206449 76.4072015286239 77.2463142547618 77.9972258229755 78.6657632903331 79.2233578257278 79.6949445058894 80.0915829968668 80.4259435114922 80.7090021354685 80.9511942365559 81.1580612743365 81.3339505153834 81.4821037053001 81.6052921849652 81.7058062585327 81.7859381991395 81.8483609011308 81.8958121068131
47.5073964310633 52.7584870526052 57.613264168527 61.3826452463543 64.2768233489372 66.6117011701742 68.7611523408646 70.647505548983 72.0460675533301 73.1949805561828 74.4060987018372 75.4520912206449 76.4072015286239 77.2463142547618 77.9972258229755 78.6657632903331 79.2233578257278 79.6949445058894 80.0915829968668 80.4259435114922 80.7090021354685 80.9511942365559 81.1580612743365 81.3339505153834 81.4821037053001 81.6052921849652 81.7058062585327 81.7859381991395 81.8483609011308 81.8958121068131
49.1915914174517 54.8772071887368 62.0931815886549 65.003483675014 67.0819504094613 69.7065462381261 71.9462155320371 73.6687543802098 74.676131006537 75.2558778935636 75.8666931516402 76.4613780796204 77.0333275624642 77.4356205808921 78.0019863921698 78.5344101682784 78.974172434212 79.3892568929098 79.7584798723588 80.0813985375376 80.3686819318216 80.6174420482554 80.8309633728001 81.0156108221897 81.1719963682258 81.306786317714 81.4220347037269 81.5208923632114 81.6060134789285 81.6792265744455
48.1478172547594 53.4132875247328 62.0265034374482 65.6959007405607 68.1319086161367 70.1236402810144 71.521943321773 73.4852875682209 75.0159249499 75.8413433637674 76.4739495623649 76.962852522413 77.4300735994707 77.7447242994437 78.1731243883637 78.6505009816777 79.0419182526197 79.4086261812889 79.7414324477393 80.0352075041633 80.3097072852854 80.5595626446376 80.7774698455531 80.9684544404198 81.1319527823643 81.2737134976689 81.3949408986363 81.4985114027898 81.5875799103566 81.6642901462204
47.6703460728125 52.9021920272675 58.5282575271925 64.3639982308355 67.9107003385905 70.9016476441121 72.0936289059287 73.6673079163476 75.0515494635776 75.9339688279769 76.7769570119378 77.3959253856066 77.8620337842148 78.1109394359464 78.4388084585249 78.8467766318624 79.2105842116619 79.5180484638596 79.7932646600304 80.0439620420593 80.2883951697128 80.5261944615053 80.7388433418492 80.9292579379299 81.0953937235925 81.2396124655993 81.3640767814816 81.471404334186 81.5641242068873 81.6439087812171
48.0457316360877 55.2882705749896 58.4384801818601 62.5390284108955 67.0121386433353 70.4909068697432 72.5351763024625 74.0985118509037 75.3297601247359 76.1862981538015 77.0894315480861 77.7743319912569 78.3167418829301 78.6020093307196 78.8891798792502 79.2182863318226 79.5195326075258 79.7593748463038 79.9666818105596 80.1733706802249 80.3733755177921 80.5700351185426 80.7542272108672 80.9249488562599 81.0803376296638 81.2181223074512 81.339886262392 81.4468585731186 81.540789219549 81.6221809830056
47.8447623933812 54.115842977805 58.1059771360185 60.2813404831751 64.4252579804787 68.5797944558498 71.53217852197 73.2964817590939 74.5925568428486 75.7547798007101 76.9581968053302 77.753429982389 78.4172286572997 78.8342133641106 79.1632890724621 79.4842586693255 79.7843313504821 80.009590798222 80.1934225113912 80.3686070052336 80.528796645148 80.6820069892901 80.8284950865989 80.9683048127344 81.1020282777763 81.2236012129015 81.3340476188207 81.4338444283995 81.5237371912696 81.6036972787045
51.9984342208154 52.7425143367816 58.6230210334923 62.6201895931543 64.6387404562277 68.4380943893401 71.0941845205175 72.9069650703721 74.699732589981 75.967905788482 77.074657303373 77.8603321657708 78.5175099505133 79.0079405754493 79.3999875677064 79.7271409208499 80.0178358857589 80.249837325453 80.4381954817169 80.5962478112258 80.7281717711623 80.8486477748459 80.9605388157707 81.0679263449481 81.1721119667445 81.2701694775624 81.3610877606661 81.4459724730106 81.5248110106177 81.596864294242
50.9847723051193 51.2120294324308 58.0778277395085 63.2717700134206 65.5575316148998 68.2506956893346 70.6339289774231 72.1413758299524 74.0619337082748 75.693982946568 76.9919775674572 77.8825695796962 78.58490120826 79.130336124326 79.5804426820803 79.9314126902939 80.2277260017612 80.4627016383765 80.657371835638 80.8133903067943 80.9348732948828 81.0375285367844 81.1236247538691 81.2047335426927 81.2817728236087 81.3549822990875 81.4246550469989 81.4904201674554 81.5531989354116 81.6118915455437
50.3469423845429 53.1379625245532 57.6509984578226 63.376013984597 66.121497761928 67.644718461053 69.799415285068 70.995137187433 72.7006995865536 74.7040297004497 76.3550642211493 77.6009058339685 78.5040586908959 79.1960606525491 79.731228498675 80.122509483468 80.4337575842723 80.6704920442313 80.8586758610304 81.0077713713573 81.1245882493275 81.2177699131275 81.2927018931764 81.3566380936784 81.414742758279 81.4686333728517 81.5189926133089 81.5665300093648 81.6123432582009 81.6559973211539
47.8256671955183 53.6361917036361 56.7899612154496 61.6900577916175 64.8183306158855 66.9602697098289 69.3071341893801 70.7023607651954 72.1458691495073 74.0399241452843 75.788222210301 77.2138455207306 78.2847659060199 79.1058991921451 79.7550496863287 80.2122479407281 80.565196131661 80.8252728433548 81.0217977380252 81.1732711361554 81.2906442530284 81.3808060254729 81.4509584295848 81.506725216466 81.5536939825681 81.5943622495252 81.630461863598 81.6631370807379 81.6939071699251 81.723051519036
49.0850926434783 52.711797674044 59.399232176583 61.7515064574944 64.7510984250997 67.5830485115681 69.2718333108296 70.7825304976089 71.8672238938081 73.5546600522308 75.3688216713604 76.8484978233994 78.0090286295891 78.9418082346833 79.6958068827596 80.2245745566731 80.6251495796562 80.9195123108503 81.1360977678134 81.2986989542263 81.4226539198567 81.515414502292 81.5852722654005 81.63879482245 81.6807236653971 81.7145851389646 81.7423513338014 81.7655755580163 81.7858969539327 81.8039703942786
50.0947338078193 53.7654474293394 58.1202999886556 62.3940146245843 64.8072478056113 66.8044318076247 68.8436275971479 70.1936113999368 70.8856954402093 72.232944352027 74.0118103082469 75.6829084760012 77.1496826878556 78.3768001137527 79.3738416756167 80.0679834512513 80.5681133728369 80.9272853551308 81.1846687099878 81.3715192149475 81.5096291288381 81.6112281831219 81.6862230873838 81.7418476063048 81.7835858654273 81.8154626529564 81.839917909046 81.8588592517487 81.8738722897324 81.8859649517553
49.4207488979149 54.5692757664055 58.8575922772817 63.2348633844797 65.9382685992592 67.5872898391019 69.2317557380123 70.3771828395018 70.892337102614 71.8827283107362 73.1750996327226 74.6973572366558 76.1961891867406 77.6378263049872 78.8821820379929 79.7690097945905 80.4017720206266 80.852755458685 81.1680210679319 81.3915418028672 81.5526351016259 81.6692154935476 81.7531398171198 81.8141694831637 81.8587386088953 81.8916836189138 81.9159448917429 81.9338618189249 81.9471053186486 81.9568131146271
48.0334837902522 52.7084252982316 57.7284889429408 63.0516266053817 67.1198837279592 68.9608218044376 69.9385158510413 70.6375049330504 71.2962520039752 72.1122432589293 72.7027584027731 73.8864695252792 75.2405708180827 76.6869571459361 78.1441389275198 79.2601364434698 80.0790342049481 80.667084415386 81.0734213126686 81.3550964814221 81.5521763336488 81.6920658857521 81.7901508386291 81.8596040620284 81.9090649203161 81.9445626043635 81.9700658274134 81.9884576128393 82.0016945134893 82.0110829236605
49.3064707877827 53.797294730726 57.8565991575459 62.7210843551337 65.5987291109553 68.3513102507742 70.0577517130539 70.9207742705523 71.5809794461904 71.6984660014092 72.0905517460519 72.7800345962043 74.1025190016457 75.5045463079752 77.1375426282626 78.5134293574436 79.5675734235724 80.3363772611999 80.8740359431123 81.2453003139817 81.4988029496645 81.6755407497986 81.7968462448441 81.8800675186943 81.9374441308241 81.9772864863921 82.0051184011096 82.0246780385014 82.0384764912372 82.0481520244176
47.1678802596261 50.9327133759 56.2520176183872 60.6401391220767 64.5790262635477 67.1315493328884 69.5892372476401 70.9963160987027 71.886749370096 72.295011231042 72.860398285134 72.9788660868412 74.0370897387212 75.11717978807 76.5176503928672 77.8553357343422 79.0103473137351 79.9141471698616 80.5799863892693 81.0609918499827 81.3895550418099 81.6176009603078 81.7730709939479 81.8773849318782 81.9471747159342 81.9939562212019 82.0254525907118 82.0468316938212 82.0614606729228 82.0715139855684
47.6635114004883 50.7484023348934 53.7967957479622 57.3265440792362 61.616305797025 65.7507236564718 68.1102270293618 69.8425629101389 71.6313166518776 72.1658613936922 72.7815188003887 73.110292560839 73.9843540331476 74.961330298744 76.0283077445635 77.2449038869003 78.4249334086785 79.4163114023424 80.2026417768098 80.79844238474 81.2172480507349 81.5128871383888 81.7159247613268 81.8509598185987 81.9395481071441 81.997139724449 82.0344766616268 82.0587842344702 82.074725205932 82.0852682861076
46.0458031993477 50.6567826208996 54.335203973433 55.7495738533735 59.8158269959623 62.497021930928 66.6308879197214 69.4125410313321 71.4374530514884 72.3360866963484 73.1694496865846 73.9286760943018 74.6104255303097 75.398015022097 76.1656308673536 77.1201482362246 78.0628752241004 78.992340047326 79.8101043824107 80.4752957055638 80.9823354000697 81.3549947635951 81.6192067841892 81.7971333272552 81.9133026016487 81.9874076889514 82.034014634972 82.06313510216 82.0813363215449 82.0927750506215
44.4673515745932 51.8855394151878 55.9025923614087 58.5630051062772 59.9010896942638 62.7109191782972 64.876262984141 68.991043870392 71.1969400174854 72.2782388757876 73.2756710896363 74.1743680859712 75.0106262711137 75.9994054274766 76.6968392570176 77.4248122238942 78.0955948524671 78.8471956335216 79.5697147326074 80.2135264830639 80.7520764172043 81.1735903166485 81.4918090101154 81.7169352773673 81.86758105219 81.9644130964788 82.0246166968195 82.0612019975875 82.0831383978469 82.0962187327082
47.3772098444775 52.3032903037163 57.3891109900509 60.5382420462805 62.1523565988538 63.1330096548877 66.0054991155665 69.1534120600705 71.5003017139174 72.616007057517 73.815068473659 74.8150812578421 75.5348039233662 76.3718145349188 76.9899716559757 77.6152411002716 78.186320105611 78.7964152226162 79.4065111941571 79.9903034576189 80.5176529070105 80.9693329352784 81.3344888213031 81.6080988749707 81.7993378879547 81.9257272454032 82.0050805139278 82.0528855372585 82.0807801081958 82.0967023774599
48.3509007875819 52.9698890346306 57.8043723638182 62.5304587284019 64.0238384160843 65.298955333316 67.3045394718977 69.5049636519777 71.416016278248 72.537678159115 73.9843804559517 75.1046259464536 75.9541798777812 76.7835626452142 77.3968363859081 77.9470600724907 78.419045954773 78.9035047625554 79.4025909117618 79.8862742722783 80.3525372331014 80.786876769107 81.1692701695838 81.4779706135095 81.708899462864 81.8692514132054 81.9734504582835 82.0370976977012 82.0740033826543 82.0945300859254
48.0068440746731 52.4695479864128 55.8615977083041 61.2363226722915 63.6920191306163 64.7598655615794 66.6965217054875 68.5879293725981 69.3306146147924 71.0178536312296 73.2261471649628 74.8458793657315 75.9211689198946 76.7782543766488 77.4731537960368 78.0464981989946 78.5062232838796 78.9526348258858 79.3903323763451 79.8095467027103 80.2278479184841 80.6315826347669 81.0088059760534 81.3364538410649 81.599672815816 81.7942581623625 81.9274653346792 82.0118834357669 82.0617081643294 82.0893330767906
48.5514027657633 53.5571614168425 57.3200217730457 60.564691498106 64.031035876404 66.5649122307182 68.8983668960109 70.3147598564523 70.9454896561791 71.9159158446773 73.4764572388858 74.8902523771319 76.0180039247419 76.8743709905003 77.575640380777 78.1551959917643 78.6252486093372 79.0313690371522 79.417956628628 79.7862550046464 80.152709128765 80.5142299416077 80.8678525814624 81.1951434582143 81.4773451019028 81.701712811553 81.8653070397138 81.9748072539036 82.0420307925649 82.0800856201181
46.5764464038046 53.0912304973281 57.1303957147375 59.0517949016259 61.9353642496017 65.096738667861 67.6857960894008 69.715498275695 71.0926648202955 71.981537137583 73.268792878076 74.6125749376591 75.7867299575385 76.7887570063441 77.5307489616216 78.1557779172496 78.6491803764653 79.0543155349233 79.4241306995057 79.7671192089475 80.10023730457 80.4258164122087 80.7496731206941 81.0624980444014 81.3495908267688 81.5945224404353 81.7863317324144 81.9234598912363 82.0125015666398 82.0650815729969
45.2750382145759 51.7293970124363 57.5367728129939 60.8234824268146 62.8608786595498 64.5058087124056 67.0244412492101 69.8626700954034 71.6839406886356 72.672965533419 73.70918921764 74.7430524162856 75.8344243463834 76.7862304762765 77.5038252984731 78.1413266576769 78.6310933607788 79.0433945893096 79.4040518356059 79.7408782603343 80.0548967661805 80.3563021214992 80.6535617460714 80.9457238880367 81.2253227812002 81.4792747152163 81.6927289431644 81.8566779493501 81.9706140290987 82.0420443488622
43.9610896840035 52.7279350001526 55.779735623101 60.29630726623 63.9826747646624 65.1509528137195 66.9484515133196 69.376603193104 71.3541470348674 72.87766814131 74.0862485470907 75.1818262670716 76.1202890482913 76.9253643114702 77.5552489980373 78.1590097706595 78.6463466472771 79.0569227549882 79.4107017840536 79.733160683975 80.0282874513216 80.308128272903 80.5807352067573 80.8489113244534 81.1116409779149 81.3629625988762 81.5885804169324 81.7749191874667 81.9143534125131 82.008302578456
41.6991485879473 51.9022803786489 58.4484560286136 58.9342623466714 61.664890977909 63.4663542443192 65.0855788808824 67.5664239157321 69.5786922120251 71.4606680810087 73.1819114487826 74.6934366830057 75.7664135138564 76.6483080458136 77.3303318614402 77.9743685111941 78.5255888011824 78.9837619440789 79.3669063192047 79.6965839053238 79.9868597366371 80.254559453931 80.5091177606346 80.7582501794138 81.0051290589641 81.2475254151814 81.4767703052078 81.6789732054843 81.8421250523917 81.9608598589543
39.5604820340903 50.6272418536126 55.7046389739201 59.0817192538364 61.3056388909967 62.065904325404 63.8880133340588 66.284139222564 67.3928525212926 69.2498306382685 71.405240520017 73.3266921592852 74.7673006217167 75.9022102920788 76.7943028425551 77.5732531155965 78.231166294769 78.7749728992006 79.2215448650397 79.5867137289073 79.8976827499644 80.1728843397925 80.4246824714994 80.6641167762273 80.8986671491185 81.1311737587932 81.3589117391873 81.570671078256 81.7534172757096 81.8971194570758
43.7125150452658 50.364022460629 55.0651486643363 58.7005810340283 61.3790306196151 62.9025870050565 64.5556640321407 66.4270706758844 67.6450569306242 69.1209004643751 70.8263700688508 72.5185293161605 73.9760955878405 75.209639020454 76.2272737538359 77.1003159389921 77.8397942785907 78.4575145533295 78.9689590564035 79.3892705239168 79.7404586353024 80.0411808703063 80.3063674625181 80.5493050374657 80.7806402987168 81.0074429514563 81.2319809841689 81.4487008178651 81.6468231780926 81.8141646862638
