1.27859840446459 1.67621270830838 2.08398462351118 2.47411518329201 2.83123551154695 3.15716649487156 3.45274521767342 3.72230263655517 3.9612004551862 4.17020705359257 4.35894734805665 4.53687643551972 4.70252635455582 4.85410177564191 4.99196410639799 5.12193014842175 5.24523254659636 5.3625651686584 5.47298775368672 5.57572936806856 5.67189730727617 5.76096617539777 5.84138505005002 5.90924734061769 5.96691526827054 6.01575153394117 6.0560054704916 6.0897448139312 6.11764571806072 6.14066394508279
1.27859840446459 1.67621270830838 2.08398462351118 2.47411518329201 2.83123551154695 3.15716649487156 3.45274521767342 3.72230263655517 3.9612004551862 4.17020705359257 4.35894734805665 4.53687643551972 4.70252635455582 4.85410177564191 4.99196410639799 5.12193014842175 5.24523254659636 5.3625651686584 5.47298775368672 5.57572936806856 5.67189730727617 5.76096617539777 5.84138505005002 5.90924734061769 5.96691526827054 6.01575153394117 6.0560054704916 6.0897448139312 6.11764571806072 6.14066394508279
1.27859840446459 1.67621270830838 2.08398462351118 2.47411518329201 2.83123551154695 3.15716649487156 3.45274521767342 3.72230263655517 3.9612004551862 4.17020705359257 4.35894734805665 4.53687643551972 4.70252635455582 4.85410177564191 4.99196410639799 5.12193014842175 5.24523254659636 5.3625651686584 5.47298775368672 5.57572936806856 5.67189730727617 5.76096617539777 5.84138505005002 5.90924734061769 5.96691526827054 6.01575153394117 6.0560054704916 6.0897448139312 6.11764571806072 6.14066394508279
1.27859840446459 1.67621270830838 2.08398462351118 2.47411518329201 2.83123551154695 3.15716649487156 3.45274521767342 3.72230263655517 3.9612004551862 4.17020705359257 4.35894734805665 4.53687643551972 4.70252635455582 4.85410177564191 4.99196410639799 5.12193014842175 5.24523254659636 5.3625651686584 5.47298775368672 5.57572936806856 5.67189730727617 5.76096617539777 5.84138505005002 5.90924734061769 5.96691526827054 6.01575153394117 6.0560054704916 6.0897448139312 6.11764571806072 6.14066394508279
1.27859840446459 1.67621270830838 2.08398462351118 2.47411518329201 2.83123551154695 3.15716649487156 3.45274521767342 3.72230263655517 3.9612004551862 4.17020705359257 4.35894734805665 4.53687643551972 4.70252635455582 4.85410177564191 4.99196410639799 5.12193014842175 5.24523254659636 5.3625651686584 5.47298775368672 5.57572936806856 5.67189730727617 5.76096617539777 5.84138505005002 5.90924734061769 5.96691526827054 6.01575153394117 6.0560054704916 6.0897448139312 6.11764571806072 6.14066394508279
1.27859840446459 1.67621270830838 2.08398462351118 2.47411518329201 2.83123551154695 3.15716649487156 3.45274521767342 3.72230263655517 3.9612004551862 4.17020705359257 4.35894734805665 4.53687643551972 4.70252635455582 4.85410177564191 4.99196410639799 5.12193014842175 5.24523254659636 5.3625651686584 5.47298775368672 5.57572936806856 5.67189730727617 5.76096617539777 5.84138505005002 5.90924734061769 5.96691526827054 6.01575153394117 6.0560054704916 6.0897448139312 6.11764571806072 6.14066394508279
1.27859840446459 1.67621270830838 2.08398462351118 2.47411518329201 2.83123551154695 3.15716649487156 3.45274521767342 3.72230263655517 3.9612004551862 4.17020705359257 4.35894734805665 4.53687643551972 4.70252635455582 4.85410177564191 4.99196410639799 5.12193014842175 5.24523254659636 5.3625651686584 5.47298775368672 5.57572936806856 5.67189730727617 5.76096617539777 5.84138505005002 5.90924734061769 5.96691526827054 6.01575153394117 6.0560054704916 6.0897448139312 6.11764571806072 6.14066394508279
1.27859840446459 1.67621270830838 2.08398462351118 2.47411518329201 2.83123551154695 3.15716649487156 3.45274521767342 3.72230263655517 3.9612004551862 4.17020705359257 4.35894734805665 4.53687643551972 4.70252635455582 4.85410177564191 4.99196410639799 5.12193014842175 5.24523254659636 5.3625651686584 5.47298775368672 5.57572936806856 5.67189730727617 5.76096617539777 5.84138505005002 5.90924734061769 5.96691526827054 6.01575153394117 6.0560054704916 6.0897448139312 6.11764571806072 6.14066394508279
1.27859840446459 1.67621270830838 2.08398462351118 2.47411518329201 2.83123551154695 3.15716649487156 3.45274521767342 3.72230263655517 3.9612004551862 4.17020705359257 4.35894734805665 4.53687643551972 4.70252635455582 4.85410177564191 4.99196410639799 5.12193014842175 5.24523254659636 5.3625651686584 5.47298775368672 5.57572936806856 5.67189730727617 5.76096617539777 5.84138505005002 5.90924734061769 5.96691526827054 6.01575153394117 6.0560054704916 6.0897448139312 6.11764571806072 6.14066394508279
1.27859840446459 1.67621270830838 2.08398462351118 2.47411518329201 2.83123551154695 3.15716649487156 3.45274521767342 3.72230263655517 3.9612004551862 4.17020705359257 4.35894734805665 4.53687643551972 4.70252635455582 4.85410177564191 4.99196410639799 5.12193014842175 5.24523254659636 5.3625651686584 5.47298775368672 5.57572936806856 5.67189730727617 5.76096617539777 5.84138505005002 5.90924734061769 5.96691526827054 6.01575153394117 6.0560054704916 6.0897448139312 6.11764571806072 6.14066394508279
1.27859840446459 1.67621270830838 2.08398462351118 2.47411518329201 2.83123551154695 3.15716649487156 3.45274521767342 3.72230263655517 3.9612004551862 4.17020705359257 4.35894734805665 4.53687643551972 4.70252635455582 4.85410177564191 4.99196410639799 5.12193014842175 5.24523254659636 5.3625651686584 5.47298775368672 5.57572936806856 5.67189730727617 5.76096617539777 5.84138505005002 5.90924734061769 5.96691526827054 6.01575153394117 6.0560054704916 6.0897448139312 6.11764571806072 6.14066394508279
1.27859840446459 1.67621270830838 2.08398462351118 2.47411518329201 2.83123551154695 3.15716649487156 3.45274521767342 3.72230263655517 3.9612004551862 4.17020705359257 4.35894734805665 4.53687643551972 4.70252635455582 4.85410177564191 4.99196410639799 5.12193014842175 5.24523254659636 5.3625651686584 5.47298775368672 5.57572936806856 5.67189730727617 5.76096617539777 5.84138505005002 5.90924734061769 5.96691526827054 6.01575153394117 6.0560054704916 6.0897448139312 6.11764571806072 6.14066394508279
1.27859840446459 1.67621270830838 2.08398462351118 2.47411518329201 2.83123551154695 3.15716649487156 3.45274521767342 3.72230263655517 3.9612004551862 4.17020705359257 4.35894734805665 4.53687643551972 4.70252635455582 4.85410177564191 4.99196410639799 5.12193014842175 5.24523254659636 5.3625651686584 5.47298775368672 5.57572936806856 5.67189730727617 5.76096617539777 5.84138505005002 5.90924734061769 5.96691526827054 6.01575153394117 6.0560054704916 6.0897448139312 6.11764571806072 6.14066394508279
1.27859840446459 1.67621270830838 2.08398462351118 2.47411518329201 2.83123551154695 3.15716649487156 3.45274521767342 3.72230263655517 3.9612004551862 4.17020705359257 4.35894734805665 4.53687643551972 4.70252635455582 4.85410177564191 4.99196410639799 5.12193014842175 5.24523254659636 5.3625651686584 5.47298775368672 5.57572936806856 5.67189730727617 5.76096617539777 5.84138505005002 5.90924734061769 5.96691526827054 6.01575153394117 6.0560054704916 6.0897448139312 6.11764571806072 6.14066394508279
1.27859840446459 1.67621270830838 2.08398462351118 2.47411518329201 2.83123551154695 3.15716649487156 3.45274521767342 3.72230263655517 3.9612004551862 4.17020705359257 4.35894734805665 4.53687643551972 4.70252635455582 4.85410177564191 4.99196410639799 5.12193014842175 5.24523254659636 5.3625651686584 5.47298775368672 5.57572936806856 5.67189730727617 5.76096617539777 5.84138505005002 5.90924734061769 5.96691526827054 6.01575153394117 6.0560054704916 6.0897448139312 6.11764571806072 6.14066394508279
1.27859840446459 1.67621270830838 2.08398462351118 2.47411518329201 2.83123551154695 3.15716649487156 3.45274521767342 3.72230263655517 3.9612004551862 4.17020705359257 4.35894734805665 4.53687643551972 4.70252635455582 4.85410177564191 4.99196410639799 5.12193014842175 5.24523254659636 5.3625651686584 5.47298775368672 5.57572936806856 5.67189730727617 5.76096617539777 5.84138505005002 5.90924734061769 5.96691526827054 6.01575153394117 6.0560054704916 6.0897448139312 6.11764571806072 6.14066394508279
1.27859840446459 1.67621270830838 2.08398462351118 2.47411518329201 2.83123551154695 3.15716649487156 3.45274521767342 3.72230263655517 3.9612004551862 4.17020705359257 4.35894734805665 4.53687643551972 4.70252635455582 4.85410177564191 4.99196410639799 5.12193014842175 5.24523254659636 5.3625651686584 5.47298775368672 5.57572936806856 5.67189730727617 5.76096617539777 5.84138505005002 5.90924734061769 5.96691526827054 6.01575153394117 6.0560054704916 6.0897448139312 6.11764571806072 6.14066394508279
1.27859840446459 1.67621270830838 2.08398462351118 2.47411518329201 2.83123551154695 3.15716649487156 3.45274521767342 3.72230263655517 3.9612004551862 4.17020705359257 4.35894734805665 4.53687643551972 4.70252635455582 4.85410177564191 4.99196410639799 5.12193014842175 5.24523254659636 5.3625651686584 5.47298775368672 5.57572936806856 5.67189730727617 5.76096617539777 5.84138505005002 5.90924734061769 5.96691526827054 6.01575153394117 6.0560054704916 6.0897448139312 6.11764571806072 6.14066394508279
1.27859840446459 1.67621270830838 2.08398462351118 2.47411518329201 2.83123551154695 3.15716649487156 3.45274521767342 3.72230263655517 3.9612004551862 4.17020705359257 4.35894734805665 4.53687643551972 4.70252635455582 4.85410177564191 4.99196410639799 5.12193014842175 5.24523254659636 5.3625651686584 5.47298775368672 5.57572936806856 5.67189730727617 5.76096617539777 5.84138505005002 5.90924734061769 5.96691526827054 6.01575153394117 6.0560054704916 6.0897448139312 6.11764571806072 6.14066394508279
1.27859840446459 1.67621270830838 2.08398462351118 2.47411518329201 2.83123551154695 3.15716649487156 3.45274521767342 3.72230263655517 3.9612004551862 4.17020705359257 4.35894734805665 4.53687643551972 4.70252635455582 4.85410177564191 4.99196410639799 5.12193014842175 5.24523254659636 5.3625651686584 5.47298775368672 5.57572936806856 5.67189730727617 5.76096617539777 5.84138505005002 5.90924734061769 5.96691526827054 6.01575153394117 6.0560054704916 6.0897448139312 6.11764571806072 6.14066394508279
1.27859840446459 1.67621270830838 2.08398462351118 2.47411518329201 2.83123551154695 3.15716649487156 3.45274521767342 3.72230263655517 3.9612004551862 4.17020705359257 4.35894734805665 4.53687643551972 4.70252635455582 4.85410177564191 4.99196410639799 5.12193014842175 5.24523254659636 5.3625651686584 5.47298775368672 5.57572936806856 5.67189730727617 5.76096617539777 5.84138505005002 5.90924734061769 5.96691526827054 6.01575153394117 6.0560054704916 6.0897448139312 6.11764571806072 6.14066394508279
1.27859840446459 1.67621270830838 2.08398462351118 2.47411518329201 2.83123551154695 3.15716649487156 3.45274521767342 3.72230263655517 3.9612004551862 4.17020705359257 4.35894734805665 4.53687643551972 4.70252635455582 4.85410177564191 4.99196410639799 5.12193014842175 5.24523254659636 5.3625651686584 5.47298775368672 5.57572936806856 5.67189730727617 5.76096617539777 5.84138505005002 5.90924734061769 5.96691526827054 6.01575153394117 6.0560054704916 6.0897448139312 6.11764571806072 6.14066394508279
1.27859840446459 1.67621270830838 2.08398462351118 2.47411518329201 2.83123551154695 3.15716649487156 3.45274521767342 3.72230263655517 3.9612004551862 4.17020705359257 4.35894734805665 4.53687643551972 4.70252635455582 4.85410177564191 4.99196410639799 5.12193014842175 5.24523254659636 5.3625651686584 5.47298775368672 5.57572936806856 5.67189730727617 5.76096617539777 5.84138505005002 5.90924734061769 5.96691526827054 6.01575153394117 6.0560054704916 6.0897448139312 6.11764571806072 6.14066394508279
1.27859840446459 1.67621270830838 2.08398462351118 2.47411518329201 2.83123551154695 3.15716649487156 3.45274521767342 3.72230263655517 3.9612004551862 4.17020705359257 4.35894734805665 4.53687643551972 4.70252635455582 4.85410177564191 4.99196410639799 5.12193014842175 5.24523254659636 5.3625651686584 5.47298775368672 5.57572936806856 5.67189730727617 5.76096617539777 5.84138505005002 5.90924734061769 5.96691526827054 6.01575153394117 6.0560054704916 6.0897448139312 6.11764571806072 6.14066394508279
1.27859840446459 1.67621270830838 2.08398462351118 2.47411518329201 2.83123551154695 3.15716649487156 3.45274521767342 3.72230263655517 3.9612004551862 4.17020705359257 4.35894734805665 4.53687643551972 4.70252635455582 4.85410177564191 4.99196410639799 5.12193014842175 5.24523254659636 5.3625651686584 5.47298775368672 5.57572936806856 5.67189730727617 5.76096617539777 5.84138505005002 5.90924734061769 5.96691526827054 6.01575153394117 6.0560054704916 6.0897448139312 6.11764571806072 6.14066394508279
1.27859840446459 1.67621270830838 2.08398462351118 2.47411518329201 2.83123551154695 3.15716649487156 3.45274521767342 3.72230263655517 3.9612004551862 4.17020705359257 4.35894734805665 4.53687643551972 4.70252635455582 4.85410177564191 4.99196410639799 5.12193014842175 5.24523254659636 5.3625651686584 5.47298775368672 5.57572936806856 5.67189730727617 5.76096617539777 5.84138505005002 5.90924734061769 5.96691526827054 6.01575153394117 6.0560054704916 6.0897448139312 6.11764571806072 6.14066394508279
1.27859840446459 1.67621270830838 2.08398462351118 2.47411518329201 2.83123551154695 3.15716649487156 3.45274521767342 3.72230263655517 3.9612004551862 4.17020705359257 4.35894734805665 4.53687643551972 4.70252635455582 4.85410177564191 4.99196410639799 5.12193014842175 5.24523254659636 5.3625651686584 5.47298775368672 5.57572936806856 5.67189730727617 5.76096617539777 5.84138505005002 5.90924734061769 5.96691526827054 6.01575153394117 6.0560054704916 6.0897448139312 6.11764571806072 6.14066394508279
1.27859840446459 1.67621270830838 2.08398462351118 2.47411518329201 2.83123551154695 3.15716649487156 3.45274521767342 3.72230263655517 3.9612004551862 4.17020705359257 4.35894734805665 4.53687643551972 4.70252635455582 4.85410177564191 4.99196410639799 5.12193014842175 5.24523254659636 5.3625651686584 5.47298775368672 5.57572936806856 5.67189730727617 5.76096617539777 5.84138505005002 5.90924734061769 5.96691526827054 6.01575153394117 6.0560054704916 6.0897448139312 6.11764571806072 6.14066394508279
1.27859840446459 1.67621270830838 2.08398462351118 2.47411518329201 2.83123551154695 3.15716649487156 3.45274521767342 3.72230263655517 3.9612004551862 4.17020705359257 4.35894734805665 4.53687643551972 4.70252635455582 4.85410177564191 4.99196410639799 5.12193014842175 5.24523254659636 5.3625651686584 5.47298775368672 5.57572936806856 5.67189730727617 5.76096617539777 5.84138505005002 5.90924734061769 5.96691526827054 6.01575153394117 6.0560054704916 6.0897448139312 6.11764571806072 6.14066394508279
1.27859840446459 1.67621270830838 2.08398462351118 2.47411518329201 2.83123551154695 3.15716649487156 3.45274521767342 3.72230263655517 3.9612004551862 4.17020705359257 4.35894734805665 4.53687643551972 4.70252635455582 4.85410177564191 4.99196410639799 5.12193014842175 5.24523254659636 5.3625651686584 5.47298775368672 5.57572936806856 5.67189730727617 5.76096617539777 5.84138505005002 5.90924734061769 5.96691526827054 6.01575153394117 6.0560054704916 6.0897448139312 6.11764571806072 6.14066394508279
1.27859840446459 1.67621270830838 2.08398462351118 2.47411518329201 2.83123551154695 3.15716649487156 3.45274521767342 3.72230263655517 3.9612004551862 4.17020705359257 4.35894734805665 4.53687643551972 4.70252635455582 4.85410177564191 4.99196410639799 5.12193014842175 5.24523254659636 5.3625651686584 5.47298775368672 5.57572936806856 5.67189730727617 5.76096617539777 5.84138505005002 5.90924734061769 5.96691526827054 6.01575153394117 6.0560054704916 6.0897448139312 6.11764571806072 6.14066394508279
1.27859840446459 1.67621270830838 2.08398462351118 2.47411518329201 2.83123551154695 3.15716649487156 3.45274521767342 3.72230263655517 3.9612004551862 4.17020705359257 4.35894734805665 4.53687643551972 4.70252635455582 4.85410177564191 4.99196410639799 5.12193014842175 5.24523254659636 5.3625651686584 5.47298775368672 5.57572936806856 5.67189730727617 5.76096617539777 5.84138505005002 5.90924734061769 5.96691526827054 6.01575153394117 6.0560054704916 6.0897448139312 6.11764571806072 6.14066394508279
1.27859840446459 1.67621270830838 2.08398462351118 2.47411518329201 2.83123551154695 3.15716649487156 3.45274521767342 3.72230263655517 3.9612004551862 4.17020705359257 4.35894734805665 4.53687643551972 4.70252635455582 4.85410177564191 4.99196410639799 5.12193014842175 5.24523254659636 5.3625651686584 5.47298775368672 5.57572936806856 5.67189730727617 5.76096617539777 5.84138505005002 5.90924734061769 5.96691526827054 6.01575153394117 6.0560054704916 6.0897448139312 6.11764571806072 6.14066394508279
1.27859840446459 1.67621270830838 2.08398462351118 2.47411518329201 2.83123551154695 3.15716649487156 3.45274521767342 3.72230263655517 3.9612004551862 4.17020705359257 4.35894734805665 4.53687643551972 4.70252635455582 4.85410177564191 4.99196410639799 5.12193014842175 5.24523254659636 5.3625651686584 5.47298775368672 5.57572936806856 5.67189730727617 5.76096617539777 5.84138505005002 5.90924734061769 5.96691526827054 6.01575153394117 6.0560054704916 6.0897448139312 6.11764571806072 6.14066394508279
1.27859840446459 1.67621270830838 2.08398462351118 2.47411518329201 2.83123551154695 3.15716649487156 3.45274521767342 3.72230263655517 3.9612004551862 4.17020705359257 4.35894734805665 4.53687643551972 4.70252635455582 4.85410177564191 4.99196410639799 5.12193014842175 5.24523254659636 5.3625651686584 5.47298775368672 5.57572936806856 5.67189730727617 5.76096617539777 5.84138505005002 5.90924734061769 5.96691526827054 6.01575153394117 6.0560054704916 6.0897448139312 6.11764571806072 6.14066394508279
1.27859840446459 1.67621270830838 2.08398462351118 2.47411518329201 2.83123551154695 3.15716649487156 3.45274521767342 3.72230263655517 3.9612004551862 4.17020705359257 4.35894734805665 4.53687643551972 4.70252635455582 4.85410177564191 4.99196410639799 5.12193014842175 5.24523254659636 5.3625651686584 5.47298775368672 5.57572936806856 5.67189730727617 5.76096617539777 5.84138505005002 5.90924734061769 5.96691526827054 6.01575153394117 6.0560054704916 6.0897448139312 6.11764571806072 6.14066394508279
1.35468306034319 1.8875158128771 2.45434884448362 2.93546512672337 3.31131327032176 3.64965671963986 3.96006062422608 4.23379485698567 4.45226620507049 4.62092201228839 4.74526501187021 4.839601123819 4.90834362153871 4.95658881606613 4.99219959702557 5.02829744668204 5.06898927578391 5.11474484030068 5.16396690295237 5.21150850321053 5.25913906936997 5.30469838125347 5.34692824825771 5.38321506671513 5.41418774954481 5.43936318127026 5.46038689840631 5.47563922592043 5.48772747512577 5.50049986216822
1.33724640024834 1.86461784258481 2.47506382806134 3.07592017764464 3.52342250631184 3.83861102413004 4.07866016549547 4.31051207022367 4.53013192472155 4.71711847482644 4.85434214828269 4.95270756348284 5.02262088191383 5.07420304998033 5.11518609814755 5.15971589579606 5.20603270819034 5.25063679588512 5.29024501845365 5.32234971671308 5.35031593053428 5.37748065176636 5.40452766959697 5.4297550519185 5.45393889730754 5.47343357590002 5.48926493475245 5.49987622738346 5.50709871031116 5.51597185299517
1.30172999066238 1.75598677994754 2.26832715451033 2.83871078877909 3.39210754484443 3.84780244766923 4.15953296132843 4.38324330747491 4.58227753839014 4.76334437108517 4.91827329140367 5.04466147122006 5.12859418778928 5.17759632642211 5.20129053038939 5.23042481664734 5.26476498965683 5.30068158057554 5.3286320590194 5.34863109861058 5.36372250808858 5.3811643378309 5.40304550082059 5.42784243216886 5.45313892502622 5.47211770405314 5.48472880011528 5.48788778576189 5.48410235260522 5.48026637171053
1.29670675718807 1.72979873712919 2.15576136212748 2.61500058568856 3.14496143209592 3.69131763611846 4.11905685450373 4.42914344924674 4.66543884141551 4.8568508567667 5.02402045775822 5.17338550517839 5.28904175605697 5.36813799016183 5.41287987058506 5.4495003615986 5.47900587368692 5.50236693926388 5.51497534160401 5.5161867913885 5.51235833171726 5.5111978297395 5.51656431478207 5.5260584954415 5.5371900979185 5.54403426600176 5.54685786032926 5.5423952145304 5.53129648672886 5.51789400984253
1.30395370832608 1.71847058842421 2.07954141675617 2.4264456647803 2.84573674920611 3.34839424018831 3.81801373209742 4.19002103209979 4.46622497908229 4.6918798984964 4.9010824512841 5.08798811351773 5.23572665558799 5.34160241042331 5.41240250113029 5.46935122549144 5.51366073365447 5.55408518594015 5.58548990517893 5.60274259214535 5.60958936170496 5.61130404499079 5.613531214257 5.61436241425329 5.61375408617242 5.61059318414879 5.60693674424903 5.59807927403005 5.5850150277278 5.56825858694615
1.33374719020941 1.79467460195864 2.20891106351734 2.57711800975347 2.95939966374964 3.36851563682765 3.77394036817338 4.13245145669304 4.42744500180142 4.67436162358388 4.88779232413917 5.05977346599155 5.18628944491389 5.27508495544773 5.33866818009255 5.3978191626489 5.45622809985801 5.52011511461091 5.58455406861265 5.63817373882086 5.67933705463357 5.70614111334567 5.72316831810375 5.73062703122782 5.73015873199022 5.7226778833724 5.71155649750664 5.69337296566242 5.66972641666416 5.64057356495955
1.33930910478004 1.82526851480037 2.31592849688256 2.77229627478167 3.15103795104359 3.48162920026727 3.7986172310344 4.10113809393365 4.38674914478004 4.65399890626162 4.89210655477426 5.07533403150053 5.1985715315754 5.27401808782036 5.32616115553192 5.37780945647863 5.43187898324976 5.49580261432633 5.56412912272556 5.62858521234352 5.68595941658126 5.72955136446468 5.76152184635844 5.77991839560536 5.78727244219276 5.78449042924685 5.7757926989431 5.75855853233166 5.73107676999464 5.69154718488347
1.33582702264285 1.80938592168037 2.29300781242175 2.76141762001263 3.11606919181809 3.37390878606537 3.60884330075992 3.84501189362784 4.09119513013927 4.35069677298194 4.62764866971817 4.89197370667767 5.11489832717369 5.28976764980472 5.41810488416164 5.5107475395437 5.57165313976772 5.61574391061948 5.65144579747204 5.68282401153766 5.71308832570459 5.7411930499208 5.76919646565889 5.79406386108846 5.81817401467024 5.84095394950148 5.86151578224713 5.87607908878445 5.8791964024847 5.86651997012913
1.32495895993589 1.78014765490498 2.19719980159913 2.58455474585956 2.94280638605964 3.25757245549639 3.54018493830567 3.80013995503288 4.04808055609646 4.29672547562617 4.56214426045095 4.82607809816539 5.0602837443906 5.25726856177323 5.41725008698315 5.5449256341252 5.64061758292551 5.70942458493387 5.75725462019088 5.79004569153731 5.8171022839046 5.84060687629316 5.86391258883943 5.88698950493058 5.91267866553409 5.94218575497126 5.97415233093484 6.00438370880941 6.02689193049323 6.03499112467264
1.33825345762937 1.82576104253103 2.27932014424496 2.62054982019696 2.91639313725151 3.20233125229012 3.45635610675722 3.69368465329336 3.93283334852387 4.19091867158414 4.47230912393761 4.76025512756304 5.01966233484966 5.23864859705002 5.41961177295587 5.56978098873491 5.69042596587365 5.78168626476729 5.84854996774678 5.89750467383512 5.93545418899807 5.9652011552842 5.990075453136 6.01117618064981 6.03077083163434 6.05309646131571 6.07989921108635 6.10879030808702 6.13448727291645 6.15281212841878
1.33906683884888 1.82650043203138 2.30653431718976 2.70612590709334 3.00536135303719 3.24083395379346 3.44848498279831 3.63543121893233 3.80292460035684 3.98146973234358 4.1932315569642 4.43870062152972 4.69880472504274 4.95546277159539 5.1939866782501 5.40769841820709 5.59082742822358 5.73860596039395 5.85455037271716 5.9436682605958 6.01243703293068 6.06421413978369 6.1008965042369 6.12796266547282 6.14703036094124 6.1629928460168 6.17995051735908 6.20059452843628 6.22370157844965 6.24799503857481
1.32499442387174 1.80753726139198 2.3058833914906 2.76262467249087 3.12098040890261 3.37526853335831 3.56283395473772 3.71167924943917 3.83237887455815 3.95124578641469 4.09747042743052 4.28892796537917 4.51556523584315 4.76564942314503 5.02370372009553 5.27297099290121 5.49648271017025 5.6809403429671 5.82510324538699 5.93493315247013 6.01716418181465 6.07634555147468 6.1145760125667 6.1369166442612 6.14732827105679 6.15104834062286 6.1511302851544 6.15250925275263 6.15551271976325 6.16184511390124
1.29590362549823 1.74737097520464 2.24836630232943 2.76226387759814 3.21804966409022 3.55066702929276 3.751401946572 3.87851539050595 3.97466172858519 4.0582431130162 4.14433331289369 4.25632535643611 4.40935841394374 4.60370078218985 4.83609205917154 5.08880858101227 5.34327270537426 5.58041580132421 5.78590913947216 5.95561834141476 6.08941201939685 6.19295959104426 6.26738496343553 6.31713992879257 6.35156921832764 6.37356177112824 6.38731474373263 6.40055012860642 6.41427070648044 6.42972184027006
1.25709227484239 1.66744559799682 2.13008497286801 2.60544111782429 3.04493277484224 3.421940564593 3.70044049009209 3.87255025458074 3.96337089661217 4.01072636813204 4.04789889564023 4.10858609168877 4.21590217749068 4.37372717953936 4.58202186880597 4.82811596924586 5.09610245762603 5.36387110649966 5.61068875280963 5.82244419659242 5.99075231931752 6.12004770075083 6.21150217849379 6.27052305167838 6.30520177254176 6.3193753013927 6.31919335367952 6.31389578027678 6.30974640914694 6.31209266579833
1.19436723522014 1.52866955895763 1.92735625947067 2.35972629644024 2.80114777160961 3.23445418522577 3.60834789377703 3.88813039069169 4.06936471459639 4.16971705081639 4.22318165283782 4.26631546762974 4.33059514849936 4.43143439572921 4.57573968000613 4.76433228991609 4.98974505579811 5.23336395485531 5.47326888478641 5.69302529403257 5.88096229621273 6.0365387325049 6.1583641319418 6.24727216696581 6.30718412642942 6.33974181043785 6.34855417648142 6.34121478104642 6.32537528257921 6.30983563483994
1.16710505642367 1.42970216233117 1.72974413301129 2.06436109810419 2.44339844882203 2.85484765288086 3.24869899637667 3.58424665825301 3.83765755314677 4.00289063465851 4.10326732792335 4.17903772074678 4.26567866927341 4.37131365416274 4.49822290456175 4.6559005048355 4.84810464807102 5.0649109431538 5.29066694806681 5.51177603578829 5.71544684286025 5.89578145938974 6.04673845708258 6.1641312143316 6.25186040693322 6.31061795421264 6.34331988915789 6.35522554417725 6.3518138941956 6.33890729222157
1.19857941231951 1.46509010217363 1.70582284059802 1.93702579248081 2.21712476428542 2.55781479088799 2.94076431310936 3.32884387427057 3.66718536580289 3.92533832818727 4.1120756649881 4.25543120607837 4.37528871489834 4.48367017348047 4.58495985194744 4.6943915008316 4.82718280787941 4.98290302717137 5.15443536139298 5.33344555674796 5.51110268045917 5.68250355113568 5.84210460119396 5.98512948613825 6.11350374558352 6.22298690537727 6.3112153703414 6.37883029399084 6.42438639015924 6.44939867194507
1.25060028555182 1.58769714087586 1.89372730468618 2.14354094662146 2.36459163945943 2.61214112453424 2.91076498053939 3.25078529810235 3.58312320575502 3.8594749997027 4.07746711848538 4.26758441051607 4.44318685709352 4.60628273097976 4.75255650581447 4.88286456817578 5.01186944091714 5.14265260348522 5.28161232695527 5.42300603403317 5.56380563034048 5.69951146738473 5.82618875683694 5.94228882560493 6.05424414044389 6.16107492985692 6.26321234710665 6.35915183326561 6.44631056449752 6.51991551739786
1.26741631777169 1.66459216669515 2.06705361760875 2.38597252297528 2.60759525005087 2.81309367029225 3.07021991525975 3.38140263046837 3.69955363998561 3.97452300296602 4.19629228464079 4.39013934152092 4.56370496744485 4.71258108274566 4.84129419018253 4.95414028822341 5.06360564867534 5.17294660367401 5.28720118879162 5.4040413637799 5.52119791677364 5.6328849879266 5.73677712305098 5.83159523462869 5.92298489152875 6.01143403185611 6.10103830110228 6.19301223407935 6.28557517484393 6.37794190010049
1.23403659510047 1.62021089614213 2.09360695212576 2.54449975105507 2.84967442998486 3.06481825191907 3.26535346305018 3.49060648682432 3.73009166395773 3.95244659964632 4.15377446619366 4.34739572240276 4.53694113270398 4.71015783420335 4.86565238789908 5.00308749729641 5.12438881226559 5.23509431465013 5.34124797620108 5.44165303566151 5.53662127614317 5.62201507023837 5.6962820497357 5.76065246899561 5.82221280201711 5.8840735485219 5.94935602793177 6.02115250636708 6.09754435422696 6.17696218763224
1.17210039875065 1.46843449369952 1.86633714698693 2.32244528760803 2.71432644923585 3.00404062197018 3.23041867479905 3.42972845518653 3.6160413405901 3.80641699398205 4.0139943583488 4.23230990928898 4.4460771690742 4.63753517965014 4.80601042107417 4.95424457770465 5.0851225319155 5.2050194414788 5.3188120419653 5.42666784938896 5.53068875098063 5.62684154738302 5.71233861867185 5.78564704601903 5.85168151422381 5.9140478658485 5.97591640427338 6.04296895350231 6.11567444157537 6.1923921034383
1.22326874147877 1.51364212855469 1.82888286695673 2.21376546626639 2.62164218033866 2.99960562430471 3.33128216325975 3.60298359156961 3.81245186384824 3.98838519147013 4.16256781873141 4.34951939810347 4.53813632885568 4.71465002003529 4.87151531266051 5.01276620708027 5.13973979582834 5.2578149846642 5.3700421749297 5.47781903297131 5.58185137740593 5.67866371117314 5.76580346475573 5.83832910199729 5.90039656629328 5.95779879292984 6.01266192918816 6.0730912513459 6.14201987379469 6.2171165824829
1.22922427208982 1.5234000756013 1.80958922766262 2.10170108075924 2.44452771720098 2.80253831158726 3.15953455117701 3.48567394980784 3.75654049524492 3.97943211711016 4.18102228398633 4.38419766056529 4.58786455982321 4.78320225284194 4.95932915977804 5.11128756471791 5.23713292369285 5.34384133416199 5.44155103331794 5.53720001855304 5.63479861459083 5.73008370145749 5.81749732210683 5.88424557161252 5.93201905252198 5.96919306088862 5.9953280056691 6.02577450468651 6.06985994895791 6.12870004157849
1.25812270650875 1.5290660869727 1.82965841363786 2.14461843385727 2.44596025963049 2.75255006940345 3.09156078615238 3.44666056261235 3.77240609826262 4.0365273292741 4.24950886488563 4.44416584408385 4.63244346905918 4.81343072662525 4.97522756005854 5.1117713399381 5.22359163860292 5.31813194824711 5.40695954586835 5.50477961821992 5.62166477274152 5.75867947402537 5.90882416085546 6.04722685207676 6.16738080136058 6.26897540987537 6.33708671246655 6.38104216048925 6.41203945241882 6.43131572786325
1.28072294800882 1.59355003391534 1.86603246213052 2.14586758403973 2.45721613976957 2.75074283343998 3.04978831188955 3.38333789689108 3.72298330754122 4.03110200970094 4.29300516722159 4.52653041255043 4.73755958335479 4.9235844892029 5.08012178032438 5.20853838780264 5.31780012246907 5.41984746320791 5.524342672599 5.64333908595002 5.78414337130494 5.94129680616395 6.10390795491246 6.25226796479357 6.38448203083745 6.50110672373902 6.59123041541686 6.65790025214588 6.70239470715581 6.7263031473747
1.29764357580183 1.67871961693314 2.00055866057949 2.21263608113693 2.40985338058444 2.6210701497529 2.85395152713783 3.12837333006939 3.42614591774283 3.71887701043912 3.99015319241075 4.2417716092242 4.46846252300513 4.66726068292203 4.83555090301535 4.98053666847016 5.11537345937731 5.25205168494711 5.39732874748958 5.56021720337579 5.74462819965228 5.94382810537553 6.13955600847682 6.30710739561289 6.44972808485099 6.57665824126987 6.68178562434535 6.76920238398429 6.83421308244662 6.88203278394604
1.26549656049123 1.61448689801106 1.93093604086458 2.18101521831265 2.37372834722059 2.52732859560321 2.68700764377246 2.88408118017272 3.10288835341971 3.3319571156382 3.56734971032823 3.80696681417174 4.03860941181111 4.25418811833353 4.44729121209723 4.62228612328155 4.78767921856784 4.95156020767167 5.11770613283527 5.29250682813302 5.47848354229417 5.6753523336383 5.87618242318562 6.06723414369639 6.24664001542213 6.41765749265529 6.57276184129633 6.71193125568839 6.82937696189543 6.92611561114382
1.27847390319876 1.65266813085089 1.99579608201369 2.27998404163118 2.50244210063193 2.67207716477989 2.81865354706163 2.96977661584137 3.12763093350401 3.29210751249764 3.46429576272299 3.64491784558331 3.82859808566958 4.01029506334023 4.18480555724101 4.35185982471317 4.51422449864111 4.67576325794102 4.83912189963148 5.00859004440651 5.18701100919564 5.37572896308638 5.57222910716778 5.7692394055877 5.96382985742721 6.15582682788135 6.34006977071479 6.5145052503424 6.67429159421483 6.81771264101676
