1.15533176228376 1.51735245227988 1.83212349379612 2.08086395545724 2.27123355509136 2.4184371750916 2.5366426167996 2.63675685787503 2.72420052744915 2.80042949278236 2.86607844336389 2.92316842772756 2.97307492997755 3.01672568682346 3.05481674395348 3.08726056728275 3.11790048959445 3.1480377493039 3.18186351237426 3.21359831020002 3.24409943820823 3.27150802849668 3.29572255514571 3.31666213732273 3.33363686593194 3.34682185456191 3.35605879413919 3.36216816558927 3.36577198489211 3.36719516420608
1.15533176228376 1.51735245227988 1.83212349379612 2.08086395545724 2.27123355509136 2.4184371750916 2.5366426167996 2.63675685787503 2.72420052744915 2.80042949278236 2.86607844336389 2.92316842772756 2.97307492997755 3.01672568682346 3.05481674395348 3.08726056728275 3.11790048959445 3.1480377493039 3.18186351237426 3.21359831020002 3.24409943820823 3.27150802849668 3.29572255514571 3.31666213732273 3.33363686593194 3.34682185456191 3.35605879413919 3.36216816558927 3.36577198489211 3.36719516420608
1.15533176228376 1.51735245227988 1.83212349379612 2.08086395545724 2.27123355509136 2.4184371750916 2.5366426167996 2.63675685787503 2.72420052744915 2.80042949278236 2.86607844336389 2.92316842772756 2.97307492997755 3.01672568682346 3.05481674395348 3.08726056728275 3.11790048959445 3.1480377493039 3.18186351237426 3.21359831020002 3.24409943820823 3.27150802849668 3.29572255514571 3.31666213732273 3.33363686593194 3.34682185456191 3.35605879413919 3.36216816558927 3.36577198489211 3.36719516420608
1.15533176228376 1.51735245227988 1.83212349379612 2.08086395545724 2.27123355509136 2.4184371750916 2.5366426167996 2.63675685787503 2.72420052744915 2.80042949278236 2.86607844336389 2.92316842772756 2.97307492997755 3.01672568682346 3.05481674395348 3.08726056728275 3.11790048959445 3.1480377493039 3.18186351237426 3.21359831020002 3.24409943820823 3.27150802849668 3.29572255514571 3.31666213732273 3.33363686593194 3.34682185456191 3.35605879413919 3.36216816558927 3.36577198489211 3.36719516420608
1.15533176228376 1.51735245227988 1.83212349379612 2.08086395545724 2.27123355509136 2.4184371750916 2.5366426167996 2.63675685787503 2.72420052744915 2.80042949278236 2.86607844336389 2.92316842772756 2.97307492997755 3.01672568682346 3.05481674395348 3.08726056728275 3.11790048959445 3.1480377493039 3.18186351237426 3.21359831020002 3.24409943820823 3.27150802849668 3.29572255514571 3.31666213732273 3.33363686593194 3.34682185456191 3.35605879413919 3.36216816558927 3.36577198489211 3.36719516420608
1.15533176228376 1.51735245227988 1.83212349379612 2.08086395545724 2.27123355509136 2.4184371750916 2.5366426167996 2.63675685787503 2.72420052744915 2.80042949278236 2.86607844336389 2.92316842772756 2.97307492997755 3.01672568682346 3.05481674395348 3.08726056728275 3.11790048959445 3.1480377493039 3.18186351237426 3.21359831020002 3.24409943820823 3.27150802849668 3.29572255514571 3.31666213732273 3.33363686593194 3.34682185456191 3.35605879413919 3.36216816558927 3.36577198489211 3.36719516420608
1.15533176228376 1.51735245227988 1.83212349379612 2.08086395545724 2.27123355509136 2.4184371750916 2.5366426167996 2.63675685787503 2.72420052744915 2.80042949278236 2.86607844336389 2.92316842772756 2.97307492997755 3.01672568682346 3.05481674395348 3.08726056728275 3.11790048959445 3.1480377493039 3.18186351237426 3.21359831020002 3.24409943820823 3.27150802849668 3.29572255514571 3.31666213732273 3.33363686593194 3.34682185456191 3.35605879413919 3.36216816558927 3.36577198489211 3.36719516420608
1.15533176228376 1.51735245227988 1.83212349379612 2.08086395545724 2.27123355509136 2.4184371750916 2.5366426167996 2.63675685787503 2.72420052744915 2.80042949278236 2.86607844336389 2.92316842772756 2.97307492997755 3.01672568682346 3.05481674395348 3.08726056728275 3.11790048959445 3.1480377493039 3.18186351237426 3.21359831020002 3.24409943820823 3.27150802849668 3.29572255514571 3.31666213732273 3.33363686593194 3.34682185456191 3.35605879413919 3.36216816558927 3.36577198489211 3.36719516420608
1.15533176228376 1.51735245227988 1.83212349379612 2.08086395545724 2.27123355509136 2.4184371750916 2.5366426167996 2.63675685787503 2.72420052744915 2.80042949278236 2.86607844336389 2.92316842772756 2.97307492997755 3.01672568682346 3.05481674395348 3.08726056728275 3.11790048959445 3.1480377493039 3.18186351237426 3.21359831020002 3.24409943820823 3.27150802849668 3.29572255514571 3.31666213732273 3.33363686593194 3.34682185456191 3.35605879413919 3.36216816558927 3.36577198489211 3.36719516420608
1.15533176228376 1.51735245227988 1.83212349379612 2.08086395545724 2.27123355509136 2.4184371750916 2.5366426167996 2.63675685787503 2.72420052744915 2.80042949278236 2.86607844336389 2.92316842772756 2.97307492997755 3.01672568682346 3.05481674395348 3.08726056728275 3.11790048959445 3.1480377493039 3.18186351237426 3.21359831020002 3.24409943820823 3.27150802849668 3.29572255514571 3.31666213732273 3.33363686593194 3.34682185456191 3.35605879413919 3.36216816558927 3.36577198489211 3.36719516420608
1.15533176228376 1.51735245227988 1.83212349379612 2.08086395545724 2.27123355509136 2.4184371750916 2.5366426167996 2.63675685787503 2.72420052744915 2.80042949278236 2.86607844336389 2.92316842772756 2.97307492997755 3.01672568682346 3.05481674395348 3.08726056728275 3.11790048959445 3.1480377493039 3.18186351237426 3.21359831020002 3.24409943820823 3.27150802849668 3.29572255514571 3.31666213732273 3.33363686593194 3.34682185456191 3.35605879413919 3.36216816558927 3.36577198489211 3.36719516420608
1.15533176228376 1.51735245227988 1.83212349379612 2.08086395545724 2.27123355509136 2.4184371750916 2.5366426167996 2.63675685787503 2.72420052744915 2.80042949278236 2.86607844336389 2.92316842772756 2.97307492997755 3.01672568682346 3.05481674395348 3.08726056728275 3.11790048959445 3.1480377493039 3.18186351237426 3.21359831020002 3.24409943820823 3.27150802849668 3.29572255514571 3.31666213732273 3.33363686593194 3.34682185456191 3.35605879413919 3.36216816558927 3.36577198489211 3.36719516420608
1.15533176228376 1.51735245227988 1.83212349379612 2.08086395545724 2.27123355509136 2.4184371750916 2.5366426167996 2.63675685787503 2.72420052744915 2.80042949278236 2.86607844336389 2.92316842772756 2.97307492997755 3.01672568682346 3.05481674395348 3.08726056728275 3.11790048959445 3.1480377493039 3.18186351237426 3.21359831020002 3.24409943820823 3.27150802849668 3.29572255514571 3.31666213732273 3.33363686593194 3.34682185456191 3.35605879413919 3.36216816558927 3.36577198489211 3.36719516420608
1.15533176228376 1.51735245227988 1.83212349379612 2.08086395545724 2.27123355509136 2.4184371750916 2.5366426167996 2.63675685787503 2.72420052744915 2.80042949278236 2.86607844336389 2.92316842772756 2.97307492997755 3.01672568682346 3.05481674395348 3.08726056728275 3.11790048959445 3.1480377493039 3.18186351237426 3.21359831020002 3.24409943820823 3.27150802849668 3.29572255514571 3.31666213732273 3.33363686593194 3.34682185456191 3.35605879413919 3.36216816558927 3.36577198489211 3.36719516420608
1.15533176228376 1.51735245227988 1.83212349379612 2.08086395545724 2.27123355509136 2.4184371750916 2.5366426167996 2.63675685787503 2.72420052744915 2.80042949278236 2.86607844336389 2.92316842772756 2.97307492997755 3.01672568682346 3.05481674395348 3.08726056728275 3.11790048959445 3.1480377493039 3.18186351237426 3.21359831020002 3.24409943820823 3.27150802849668 3.29572255514571 3.31666213732273 3.33363686593194 3.34682185456191 3.35605879413919 3.36216816558927 3.36577198489211 3.36719516420608
1.15533176228376 1.51735245227988 1.83212349379612 2.08086395545724 2.27123355509136 2.4184371750916 2.5366426167996 2.63675685787503 2.72420052744915 2.80042949278236 2.86607844336389 2.92316842772756 2.97307492997755 3.01672568682346 3.05481674395348 3.08726056728275 3.11790048959445 3.1480377493039 3.18186351237426 3.21359831020002 3.24409943820823 3.27150802849668 3.29572255514571 3.31666213732273 3.33363686593194 3.34682185456191 3.35605879413919 3.36216816558927 3.36577198489211 3.36719516420608
1.15533176228376 1.51735245227988 1.83212349379612 2.08086395545724 2.27123355509136 2.4184371750916 2.5366426167996 2.63675685787503 2.72420052744915 2.80042949278236 2.86607844336389 2.92316842772756 2.97307492997755 3.01672568682346 3.05481674395348 3.08726056728275 3.11790048959445 3.1480377493039 3.18186351237426 3.21359831020002 3.24409943820823 3.27150802849668 3.29572255514571 3.31666213732273 3.33363686593194 3.34682185456191 3.35605879413919 3.36216816558927 3.36577198489211 3.36719516420608
1.15533176228376 1.51735245227988 1.83212349379612 2.08086395545724 2.27123355509136 2.4184371750916 2.5366426167996 2.63675685787503 2.72420052744915 2.80042949278236 2.86607844336389 2.92316842772756 2.97307492997755 3.01672568682346 3.05481674395348 3.08726056728275 3.11790048959445 3.1480377493039 3.18186351237426 3.21359831020002 3.24409943820823 3.27150802849668 3.29572255514571 3.31666213732273 3.33363686593194 3.34682185456191 3.35605879413919 3.36216816558927 3.36577198489211 3.36719516420608
1.15533176228376 1.51735245227988 1.83212349379612 2.08086395545724 2.27123355509136 2.4184371750916 2.5366426167996 2.63675685787503 2.72420052744915 2.80042949278236 2.86607844336389 2.92316842772756 2.97307492997755 3.01672568682346 3.05481674395348 3.08726056728275 3.11790048959445 3.1480377493039 3.18186351237426 3.21359831020002 3.24409943820823 3.27150802849668 3.29572255514571 3.31666213732273 3.33363686593194 3.34682185456191 3.35605879413919 3.36216816558927 3.36577198489211 3.36719516420608
1.15533176228376 1.51735245227988 1.83212349379612 2.08086395545724 2.27123355509136 2.4184371750916 2.5366426167996 2.63675685787503 2.72420052744915 2.80042949278236 2.86607844336389 2.92316842772756 2.97307492997755 3.01672568682346 3.05481674395348 3.08726056728275 3.11790048959445 3.1480377493039 3.18186351237426 3.21359831020002 3.24409943820823 3.27150802849668 3.29572255514571 3.31666213732273 3.33363686593194 3.34682185456191 3.35605879413919 3.36216816558927 3.36577198489211 3.36719516420608
1.15533176228376 1.51735245227988 1.83212349379612 2.08086395545724 2.27123355509136 2.4184371750916 2.5366426167996 2.63675685787503 2.72420052744915 2.80042949278236 2.86607844336389 2.92316842772756 2.97307492997755 3.01672568682346 3.05481674395348 3.08726056728275 3.11790048959445 3.1480377493039 3.18186351237426 3.21359831020002 3.24409943820823 3.27150802849668 3.29572255514571 3.31666213732273 3.33363686593194 3.34682185456191 3.35605879413919 3.36216816558927 3.36577198489211 3.36719516420608
1.15533176228376 1.51735245227988 1.83212349379612 2.08086395545724 2.27123355509136 2.4184371750916 2.5366426167996 2.63675685787503 2.72420052744915 2.80042949278236 2.86607844336389 2.92316842772756 2.97307492997755 3.01672568682346 3.05481674395348 3.08726056728275 3.11790048959445 3.1480377493039 3.18186351237426 3.21359831020002 3.24409943820823 3.27150802849668 3.29572255514571 3.31666213732273 3.33363686593194 3.34682185456191 3.35605879413919 3.36216816558927 3.36577198489211 3.36719516420608
1.15533176228376 1.51735245227988 1.83212349379612 2.08086395545724 2.27123355509136 2.4184371750916 2.5366426167996 2.63675685787503 2.72420052744915 2.80042949278236 2.86607844336389 2.92316842772756 2.97307492997755 3.01672568682346 3.05481674395348 3.08726056728275 3.11790048959445 3.1480377493039 3.18186351237426 3.21359831020002 3.24409943820823 3.27150802849668 3.29572255514571 3.31666213732273 3.33363686593194 3.34682185456191 3.35605879413919 3.36216816558927 3.36577198489211 3.36719516420608
1.15533176228376 1.51735245227988 1.83212349379612 2.08086395545724 2.27123355509136 2.4184371750916 2.5366426167996 2.63675685787503 2.72420052744915 2.80042949278236 2.86607844336389 2.92316842772756 2.97307492997755 3.01672568682346 3.05481674395348 3.08726056728275 3.11790048959445 3.1480377493039 3.18186351237426 3.21359831020002 3.24409943820823 3.27150802849668 3.29572255514571 3.31666213732273 3.33363686593194 3.34682185456191 3.35605879413919 3.36216816558927 3.36577198489211 3.36719516420608
1.15533176228376 1.51735245227988 1.83212349379612 2.08086395545724 2.27123355509136 2.4184371750916 2.5366426167996 2.63675685787503 2.72420052744915 2.80042949278236 2.86607844336389 2.92316842772756 2.97307492997755 3.01672568682346 3.05481674395348 3.08726056728275 3.11790048959445 3.1480377493039 3.18186351237426 3.21359831020002 3.24409943820823 3.27150802849668 3.29572255514571 3.31666213732273 3.33363686593194 3.34682185456191 3.35605879413919 3.36216816558927 3.36577198489211 3.36719516420608
1.15533176228376 1.51735245227988 1.83212349379612 2.08086395545724 2.27123355509136 2.4184371750916 2.5366426167996 2.63675685787503 2.72420052744915 2.80042949278236 2.86607844336389 2.92316842772756 2.97307492997755 3.01672568682346 3.05481674395348 3.08726056728275 3.11790048959445 3.1480377493039 3.18186351237426 3.21359831020002 3.24409943820823 3.27150802849668 3.29572255514571 3.31666213732273 3.33363686593194 3.34682185456191 3.35605879413919 3.36216816558927 3.36577198489211 3.36719516420608
1.15533176228376 1.51735245227988 1.83212349379612 2.08086395545724 2.27123355509136 2.4184371750916 2.5366426167996 2.63675685787503 2.72420052744915 2.80042949278236 2.86607844336389 2.92316842772756 2.97307492997755 3.01672568682346 3.05481674395348 3.08726056728275 3.11790048959445 3.1480377493039 3.18186351237426 3.21359831020002 3.24409943820823 3.27150802849668 3.29572255514571 3.31666213732273 3.33363686593194 3.34682185456191 3.35605879413919 3.36216816558927 3.36577198489211 3.36719516420608
1.15533176228376 1.51735245227988 1.83212349379612 2.08086395545724 2.27123355509136 2.4184371750916 2.5366426167996 2.63675685787503 2.72420052744915 2.80042949278236 2.86607844336389 2.92316842772756 2.97307492997755 3.01672568682346 3.05481674395348 3.08726056728275 3.11790048959445 3.1480377493039 3.18186351237426 3.21359831020002 3.24409943820823 3.27150802849668 3.29572255514571 3.31666213732273 3.33363686593194 3.34682185456191 3.35605879413919 3.36216816558927 3.36577198489211 3.36719516420608
1.15533176228376 1.51735245227988 1.83212349379612 2.08086395545724 2.27123355509136 2.4184371750916 2.5366426167996 2.63675685787503 2.72420052744915 2.80042949278236 2.86607844336389 2.92316842772756 2.97307492997755 3.01672568682346 3.05481674395348 3.08726056728275 3.11790048959445 3.1480377493039 3.18186351237426 3.21359831020002 3.24409943820823 3.27150802849668 3.29572255514571 3.31666213732273 3.33363686593194 3.34682185456191 3.35605879413919 3.36216816558927 3.36577198489211 3.36719516420608
1.15533176228376 1.51735245227988 1.83212349379612 2.08086395545724 2.27123355509136 2.4184371750916 2.5366426167996 2.63675685787503 2.72420052744915 2.80042949278236 2.86607844336389 2.92316842772756 2.97307492997755 3.01672568682346 3.05481674395348 3.08726056728275 3.11790048959445 3.1480377493039 3.18186351237426 3.21359831020002 3.24409943820823 3.27150802849668 3.29572255514571 3.31666213732273 3.33363686593194 3.34682185456191 3.35605879413919 3.36216816558927 3.36577198489211 3.36719516420608
1.15533176228376 1.51735245227988 1.83212349379612 2.08086395545724 2.27123355509136 2.4184371750916 2.5366426167996 2.63675685787503 2.72420052744915 2.80042949278236 2.86607844336389 2.92316842772756 2.97307492997755 3.01672568682346 3.05481674395348 3.08726056728275 3.11790048959445 3.1480377493039 3.18186351237426 3.21359831020002 3.24409943820823 3.27150802849668 3.29572255514571 3.31666213732273 3.33363686593194 3.34682185456191 3.35605879413919 3.36216816558927 3.36577198489211 3.36719516420608
1.15533176228376 1.51735245227988 1.83212349379612 2.08086395545724 2.27123355509136 2.4184371750916 2.5366426167996 2.63675685787503 2.72420052744915 2.80042949278236 2.86607844336389 2.92316842772756 2.97307492997755 3.01672568682346 3.05481674395348 3.08726056728275 3.11790048959445 3.1480377493039 3.18186351237426 3.21359831020002 3.24409943820823 3.27150802849668 3.29572255514571 3.31666213732273 3.33363686593194 3.34682185456191 3.35605879413919 3.36216816558927 3.36577198489211 3.36719516420608
1.15533176228376 1.51735245227988 1.83212349379612 2.08086395545724 2.27123355509136 2.4184371750916 2.5366426167996 2.63675685787503 2.72420052744915 2.80042949278236 2.86607844336389 2.92316842772756 2.97307492997755 3.01672568682346 3.05481674395348 3.08726056728275 3.11790048959445 3.1480377493039 3.18186351237426 3.21359831020002 3.24409943820823 3.27150802849668 3.29572255514571 3.31666213732273 3.33363686593194 3.34682185456191 3.35605879413919 3.36216816558927 3.36577198489211 3.36719516420608
1.15533176228376 1.51735245227988 1.83212349379612 2.08086395545724 2.27123355509136 2.4184371750916 2.5366426167996 2.63675685787503 2.72420052744915 2.80042949278236 2.86607844336389 2.92316842772756 2.97307492997755 3.01672568682346 3.05481674395348 3.08726056728275 3.11790048959445 3.1480377493039 3.18186351237426 3.21359831020002 3.24409943820823 3.27150802849668 3.29572255514571 3.31666213732273 3.33363686593194 3.34682185456191 3.35605879413919 3.36216816558927 3.36577198489211 3.36719516420608
1.15533176228376 1.51735245227988 1.83212349379612 2.08086395545724 2.27123355509136 2.4184371750916 2.5366426167996 2.63675685787503 2.72420052744915 2.80042949278236 2.86607844336389 2.92316842772756 2.97307492997755 3.01672568682346 3.05481674395348 3.08726056728275 3.11790048959445 3.1480377493039 3.18186351237426 3.21359831020002 3.24409943820823 3.27150802849668 3.29572255514571 3.31666213732273 3.33363686593194 3.34682185456191 3.35605879413919 3.36216816558927 3.36577198489211 3.36719516420608
1.15533176228376 1.51735245227988 1.83212349379612 2.08086395545724 2.27123355509136 2.4184371750916 2.5366426167996 2.63675685787503 2.72420052744915 2.80042949278236 2.86607844336389 2.92316842772756 2.97307492997755 3.01672568682346 3.05481674395348 3.08726056728275 3.11790048959445 3.1480377493039 3.18186351237426 3.21359831020002 3.24409943820823 3.27150802849668 3.29572255514571 3.31666213732273 3.33363686593194 3.34682185456191 3.35605879413919 3.36216816558927 3.36577198489211 3.36719516420608
1.21736814230735 1.66822006116012 2.06761163017882 2.3652096988067 2.56494546697282 2.70451739407911 2.81184538111844 2.89758597032736 2.96355418590822 3.00922378574296 3.03888196190866 3.05863856460374 3.07484150486172 3.09096828743677 3.10923700534077 3.12760674524273 3.14407330072777 3.15559270682293 3.16288493332563 3.16409152254239 3.16114016280605 3.15526555210187 3.14770045184785 3.13907114014176 3.13093383262053 3.12323632407131 3.11642370767595 3.11014925713218 3.1041256685199 3.09800650446981
1.21744782738831 1.67345456267036 2.08769429707199 2.40705890896495 2.61903165084778 2.75805640103472 2.85856247678493 2.93663549531508 2.99689949300547 3.0365395355528 3.05780779325473 3.06808882777388 3.07602973496566 3.08896316340487 3.11161434843434 3.14062693990158 3.17132657466052 3.19688973811147 3.21875966981565 3.23260792850978 3.24089687233446 3.24509719973542 3.24613821967541 3.24422073139917 3.24096772782644 3.23574330317794 3.22956623315618 3.22255942941694 3.21437388241306 3.20477004619565
1.20547670049159 1.64301311553618 2.03660304865424 2.34080566500073 2.56093369172411 2.72625180367116 2.85367736837363 2.94802564537936 3.01685319117136 3.06470946299145 3.09456925957503 3.11209431475107 3.1234896830028 3.13534572688628 3.15442163676523 3.17926671975538 3.20655928950391 3.22975222125792 3.25118008080196 3.26560780382331 3.27566370816432 3.28339194641795 3.28927606411073 3.29300386041948 3.29553593805371 3.29543526027317 3.29321569316449 3.28892634468385 3.28168677584292 3.27144061220157
1.1968486269893 1.62248648292386 1.99412565193788 2.2717688828461 2.48465579944849 2.66685058171517 2.82217619767956 2.94154899774343 3.03079410506013 3.09799118872906 3.14572442309377 3.17819051001813 3.19902249953588 3.21359407745794 3.22892227388073 3.24571214212494 3.26411127564324 3.28090257820592 3.30011875881218 3.31526531042582 3.32824579070131 3.34091388158508 3.35367389922118 3.36548410089159 3.37665899351166 3.38536219875538 3.39128088737926 3.39430225848633 3.39273109152963 3.38635969260653
1.19564248829676 1.61853439594954 1.97935282649502 2.2322011635629 2.42183424751213 2.59378392749684 2.75033952247188 2.86996099408551 2.95584931080947 3.02297421753492 3.07884716609898 3.12845707889469 3.17220899120819 3.2091857367904 3.24275618739929 3.27307634207097 3.30102114480987 3.32360355365718 3.34570666596625 3.36191762014522 3.37498769511462 3.38755019789629 3.40042146681213 3.41188514447025 3.42178249087758 3.42909728126337 3.4331580909344 3.43424842626033 3.43111273486236 3.42403757515393
1.21360164283064 1.66577833419111 2.05316737395279 2.31409146348122 2.50281023279236 2.67060962819007 2.82230933625823 2.93508615017107 3.01309148206251 3.07134456293042 3.11735527370222 3.15679169009848 3.18949004953911 3.21433985067786 3.23391849252546 3.24960088022301 3.26351884025981 3.27410351891508 3.28606450123197 3.29474606891112 3.30356953723808 3.31517325122314 3.32954721709241 3.34456054170846 3.35844712841828 3.36987744375748 3.37753743800195 3.38165199459269 3.38104106997367 3.37647953127031
1.21818414182741 1.67896066417046 2.08543037180651 2.37441887554663 2.5669560795052 2.72154821790302 2.85947951769998 2.96614455532672 3.04541552022653 3.10845599520537 3.16185435465228 3.20977157266791 3.24971622473127 3.27838615152466 3.29726483446546 3.30729287789178 3.31146963479895 3.30920418367949 3.30623191111151 3.29932693064915 3.29381006156258 3.29340033926498 3.29848740514367 3.30707255898771 3.31699197098615 3.32660511576255 3.33390363333905 3.33898277143731 3.34076802801485 3.33992639207462
1.21343389847647 1.6641941893704 2.05431023755387 2.32744364194203 2.49678321699496 2.62213543658343 2.73366618532611 2.82791297808591 2.90795459572492 2.97941259957882 3.04690895604463 3.11130332524383 3.16696072995972 3.2089284874112 3.23831573685109 3.25550438198097 3.26467412421728 3.26595491396973 3.26551638657488 3.2613279058131 3.25916922359639 3.26259071250276 3.27187704274293 3.28467398540114 3.29812350629712 3.31029792174237 3.31913240547471 3.32508656415734 3.32755798333601 3.32767840361775
1.20410897600868 1.63778133810216 1.99664012257251 2.24240093085822 2.40627831860977 2.52987018340518 2.63617895484388 2.7293499691105 2.81327560798384 2.89262468425575 2.97177341259457 3.04931233749528 3.1183382052426 3.17177426100475 3.20955641691362 3.23184451721427 3.24458420418806 3.24947454386037 3.25404418948437 3.2561971254067 3.26109161381123 3.27122160231724 3.28617354833757 3.30350623232355 3.31956891580399 3.33276638144081 3.34106600710433 3.34532176208283 3.34542524698943 3.34309926735845
1.20498057020872 1.64591980083878 2.01564799750109 2.27020125238932 2.44651118952788 2.57878515508541 2.68630510620564 2.77778114231164 2.85758056633761 2.9331164728426 3.0115491499633 3.09090139300708 3.16312365121115 3.2200251661143 3.26157162975018 3.28824723361391 3.30638561244956 3.31764643829278 3.32906657765262 3.33731430890581 3.34769064597274 3.36136111418629 3.37834337794122 3.39609063239056 3.41070178826498 3.42123199392061 3.42554261845387 3.42496138997131 3.41989029438791 3.41218424523934
1.1900685018133 1.61149659286263 1.96965579985054 2.21418839378132 2.3741176554622 2.48418972961154 2.5704633761723 2.64859791102244 2.72166548214614 2.79396170342436 2.87142515501573 2.9516130763273 3.02683183536495 3.08904641857754 3.13570564233953 3.16685419339741 3.18820124106074 3.20185791057176 3.21601444683744 3.22744134413731 3.24237242800453 3.26191640645947 3.28647837641627 3.31408384611354 3.34017792943058 3.36289652297985 3.37922108111209 3.39006082634575 3.39535065466916 3.39691028757885
1.17796467290203 1.58917219405439 1.94984271207339 2.21072938951096 2.39227034335837 2.51161072999765 2.58754128934662 2.6443350336184 2.69648437802281 2.75335039729584 2.82268832716709 2.90097401580225 2.97740014994874 3.04416633990429 3.09662376494962 3.13404045306045 3.16219893485668 3.18422511265312 3.20839377247698 3.22973828828108 3.2533808518355 3.27880648587365 3.30581834628111 3.33284002112161 3.35664332359055 3.37599626621474 3.38837400401337 3.39516047357588 3.39655888556954 3.39544775291838
1.1644735289974 1.56311551056389 1.92317077686325 2.19081148064001 2.3824537182792 2.51595874149038 2.60524876096622 2.66826862780434 2.71856477109729 2.76445094391734 2.81943851972139 2.88632718314821 2.95681673916191 3.02432906368928 3.08264074867107 3.12809180311089 3.16521412136833 3.19653756564318 3.23073352615721 3.26215130526985 3.29525857297975 3.32874513420512 3.36253913677002 3.39527719842907 3.42454102893611 3.44939122901327 3.46769055996082 3.48030466168343 3.4870766780704 3.49086249736794
1.14722179821743 1.52864634864754 1.88220363932826 2.15341327918177 2.34926409455929 2.4873701242721 2.5812093038643 2.64139533742958 2.68033644374622 2.70926993198081 2.74492345420698 2.79283266787092 2.84886867495845 2.91019402581343 2.96992863925506 3.02258732775692 3.07128318384212 3.11607713962198 3.16448684235522 3.20996588597077 3.25519529591659 3.29802797264335 3.33886156192827 3.37680806603863 3.41107889034356 3.4416238558167 3.46685804802672 3.48709104036378 3.50240371228427 3.51522565697368
1.11714430082684 1.4617878243682 1.7877114649118 2.05252075692665 2.25456326214803 2.41310758669707 2.53665847002623 2.62608988662398 2.68607750763865 2.72239644731055 2.74956258322671 2.77815988481795 2.81154946066306 2.85320741128388 2.89790929927065 2.94022114312155 2.98269755737587 3.02428840383257 3.07131856007566 3.11691425614016 3.16280617044128 3.20567763334016 3.24618355406886 3.28380982374697 3.31892684402113 3.35199345436536 3.3820592187117 3.40897963139311 3.43265679593932 3.45476004133594
1.09749021699273 1.39902448090162 1.6778469115755 1.9118566032623 2.10152987404707 2.26478362035512 2.40767078586369 2.5266332171487 2.61571376447569 2.67171503873687 2.70803502044496 2.7374975753075 2.76904141697545 2.81021496806016 2.85635847645569 2.90190006661765 2.94925972097077 2.99755569902342 3.05209938944406 3.10552418054606 3.15819260883741 3.20526992755479 3.2471114854542 3.28395166156977 3.31659687403042 3.3459507018941 3.37187516912716 3.39456491662971 3.41410033618951 3.43210180423618
1.08995465063697 1.36984120164817 1.6149610334582 1.81994954616852 1.98980257062497 2.13899953490594 2.27498342812905 2.40115274846221 2.51259665530019 2.59703120029412 2.65869756770363 2.70692845324228 2.75010425662716 2.79567302264416 2.84226881249328 2.88702768078796 2.93476336069043 2.98710671517906 3.04824059948739 3.10900921715036 3.16789313364208 3.21872238850369 3.26203268741422 3.29896892010491 3.33150231881393 3.36094932619164 3.38775271461745 3.41180955830328 3.43311449507708 3.45243449382153
1.11588460923665 1.42970159266425 1.70933102373853 1.94592914314514 2.1285791190451 2.27100854330096 2.3928760812583 2.51051670770126 2.62115040598488 2.70677860565135 2.76555064201738 2.8067399270073 2.84086312081387 2.87654591284713 2.91323081153078 2.94906517818381 2.98906126519115 3.03604109240313 3.09321191881378 3.15014559534626 3.20365223993801 3.24639188281907 3.27878742689321 3.30370449987303 3.32393847753015 3.34191220386936 3.35880841563145 3.37457724757294 3.38969016612585 3.40453263217731
1.11970896677914 1.43791195102802 1.72832630942062 1.98339099480243 2.17644288773989 2.3165980479282 2.43643763125541 2.55982853904438 2.67893889971626 2.77032538789481 2.82861568830348 2.8649501863726 2.8931921571828 2.92193128374663 2.95075779992222 2.97803796020183 3.008802041077 3.04681298471314 3.09529512978222 3.14360212406138 3.18802681588014 3.22174619646178 3.2463032625637 3.26595282602787 3.28289356568391 3.29940555368515 3.31580522425765 3.33133950978194 3.34632374088647 3.36023578648052
1.11042890212654 1.41562368969892 1.70522073906397 1.98419845647269 2.21212579090141 2.3695601269707 2.48405551329004 2.59722609192705 2.71177454144746 2.80708412128142 2.87147876404215 2.9110972294446 2.93791719847609 2.95821584223396 2.97442652313069 2.98930749284259 3.01144523660038 3.04596775655042 3.09543098591488 3.14827378480105 3.19917949049383 3.24023966185907 3.27185922834818 3.29761168077696 3.31906174590445 3.33835644326827 3.35638995354478 3.37266146761004 3.38772993901871 3.40057845286539
1.08991167328701 1.3633999262371 1.62415409157017 1.89259809681567 2.12444388451243 2.28200046374047 2.38537597449342 2.48502384082904 2.59371624293086 2.69784798738554 2.78130673716336 2.84436170083486 2.89459974447171 2.93510968614231 2.96818560667194 2.99604760135966 3.02709538037496 3.06746890760674 3.11926060625893 3.17333842521093 3.22534680366412 3.26821713010299 3.30197389952512 3.32984172281996 3.35288461134036 3.37343232120785 3.3929028508252 3.41061442887955 3.4273232783924 3.44129812073606
1.10239535696973 1.37324546448523 1.61559601509125 1.87468550915757 2.1142482294911 2.28663262263222 2.39581508212591 2.48787385174839 2.5794264652433 2.66794035576452 2.74163908040776 2.79978285333612 2.8482343669102 2.88867129777234 2.92280289765181 2.95216679468323 2.98405329593107 3.02386835923905 3.07323918809092 3.1244487140965 3.17308078874022 3.21353184535647 3.24526381175736 3.27116007348548 3.29221260118661 3.3112494117805 3.33016987090821 3.34886068511503 3.3684465782299 3.38662039263771
1.09993474667144 1.35693524941369 1.57595947435978 1.8053456524252 2.03342359068808 2.2219991966545 2.36244225274696 2.48053469436698 2.59030173525048 2.69637508679373 2.78798352834674 2.86148526675554 2.92082113800168 2.9673780803327 3.00393873690805 3.03348652334239 3.06337776677717 3.09923742515105 3.14272539296449 3.18722069620586 3.22954958360141 3.26525216441 3.29254613010511 3.31335263150401 3.32728922089819 3.33721778875118 3.34502024410481 3.35188612100252 3.36014022590936 3.36822404405637
1.10283095815993 1.34428158809248 1.54109264350509 1.74310665810213 1.94318410263046 2.1183458273499 2.2631295001462 2.39081627699645 2.51014167142922 2.62851688128036 2.73510523521372 2.82322716589211 2.89390199672396 2.94869688411384 2.99130850563044 3.02633944964175 3.06108647972322 3.10185713571806 3.14967424351894 3.19846402547226 3.24538037979465 3.28578296546339 3.31751518078797 3.34112444026064 3.3554520322536 3.36314244040005 3.3658628326597 3.36615690660479 3.36705661125241 3.36730797277772
1.11509858088499 1.36812908059878 1.55178133135638 1.72497820409584 1.89987690804284 2.05552345961669 2.18816497881466 2.31158653102222 2.43583982910921 2.56639029874587 2.68951928738649 2.79503820913756 2.88127028939183 2.94960107427963 3.00363801730423 3.04826226477031 3.08957507155107 3.1333440478721 3.1814143353179 3.22920271782106 3.27478573599811 3.31424547819079 3.34528565095425 3.3678700096572 3.37999542586276 3.38299372006071 3.37857917276917 3.37038148812374 3.36215166342497 3.35279192651271
1.13926888232679 1.43124999816116 1.63689123562831 1.78889351891345 1.92357947146204 2.04003450943921 2.14253636575675 2.24428096268095 2.35445678056368 2.47789523777694 2.59972125121165 2.70848901793285 2.80083944351881 2.87803169320048 2.94294291181964 2.99993518014603 3.0532436883513 3.10730769610763 3.16381136829175 3.21908299037976 3.27129654107925 3.31648568364877 3.35225089816132 3.37764048854531 3.38988154557742 3.38901974985424 3.37660316323001 3.35753394679763 3.33692927247491 3.31382545614575
1.12708422000745 1.40661057321785 1.60300557297543 1.74113063054508 1.85266059053866 1.94767213334654 2.04020181257078 2.13824300634298 2.24496060873471 2.36387417422522 2.48315537835755 2.59249352086004 2.6875498459452 2.76906963088268 2.839806330413 2.9038854235902 2.964230872049 3.0243408825459 3.08539085354011 3.14422829937741 3.19902207947364 3.24569201528677 3.28205965857993 3.3063108695052 3.31540665209817 3.30900585965361 3.28878820357364 3.26036736290611 3.23007778270288 3.1971298447541
1.13736631560348 1.43345712611992 1.6449565902939 1.79237919224222 1.9051005292664 1.99508910646921 2.07715982821502 2.16044243951706 2.24939711645858 2.34825251996916 2.44828725588423 2.54161228715126 2.62480812063406 2.69831289875659 2.7640964620854 2.8252537582365 2.88400060842312 2.9430891538495 3.00348768176941 3.06267450664451 3.11907138960692 3.16920261788001 3.21099098282241 3.24258933880108 3.26110030891603 3.26574673780756 3.25744816527481 3.24050239681257 3.2200930257727 3.19575471388406
