47.2972824900726 51.7832758794358 55.7361523364029 58.0698744300118 59.8834592340375 61.1408633604532 62.2087433944796 63.140822046697 63.9486796678649 64.6607652651456 65.274236780109 65.7622803007608 66.2076747842069 66.6366764143689 66.9747877093641 67.266472468164 67.5309270718284 67.7642226137068 67.9579830137276 68.1144129010532 68.2405981924678 68.3424988956625 68.4258755006067 68.4942406757148 68.5506583434134 68.5970365399663 68.6352729131229 68.6668314236016 68.6929163585941 68.714401060102
47.2972824900726 51.7832758794358 55.7361523364029 58.0698744300118 59.8834592340375 61.1408633604532 62.2087433944796 63.140822046697 63.9486796678649 64.6607652651456 65.274236780109 65.7622803007608 66.2076747842069 66.6366764143689 66.9747877093641 67.266472468164 67.5309270718284 67.7642226137068 67.9579830137276 68.1144129010532 68.2405981924678 68.3424988956625 68.4258755006067 68.4942406757148 68.5506583434134 68.5970365399663 68.6352729131229 68.6668314236016 68.6929163585941 68.714401060102
47.2972824900726 51.7832758794358 55.7361523364029 58.0698744300118 59.8834592340375 61.1408633604532 62.2087433944796 63.140822046697 63.9486796678649 64.6607652651456 65.274236780109 65.7622803007608 66.2076747842069 66.6366764143689 66.9747877093641 67.266472468164 67.5309270718284 67.7642226137068 67.9579830137276 68.1144129010532 68.2405981924678 68.3424988956625 68.4258755006067 68.4942406757148 68.5506583434134 68.5970365399663 68.6352729131229 68.6668314236016 68.6929163585941 68.714401060102
47.2972824900726 51.7832758794358 55.7361523364029 58.0698744300118 59.8834592340375 61.1408633604532 62.2087433944796 63.140822046697 63.9486796678649 64.6607652651456 65.274236780109 65.7622803007608 66.2076747842069 66.6366764143689 66.9747877093641 67.266472468164 67.5309270718284 67.7642226137068 67.9579830137276 68.1144129010532 68.2405981924678 68.3424988956625 68.4258755006067 68.4942406757148 68.5506583434134 68.5970365399663 68.6352729131229 68.6668314236016 68.6929163585941 68.714401060102
47.2972824900726 51.7832758794358 55.7361523364029 58.0698744300118 59.8834592340375 61.1408633604532 62.2087433944796 63.140822046697 63.9486796678649 64.6607652651456 65.274236780109 65.7622803007608 66.2076747842069 66.6366764143689 66.9747877093641 67.266472468164 67.5309270718284 67.7642226137068 67.9579830137276 68.1144129010532 68.2405981924678 68.3424988956625 68.4258755006067 68.4942406757148 68.5506583434134 68.5970365399663 68.6352729131229 68.6668314236016 68.6929163585941 68.714401060102
47.2972824900726 51.7832758794358 55.7361523364029 58.0698744300118 59.8834592340375 61.1408633604532 62.2087433944796 63.140822046697 63.9486796678649 64.6607652651456 65.274236780109 65.7622803007608 66.2076747842069 66.6366764143689 66.9747877093641 67.266472468164 67.5309270718284 67.7642226137068 67.9579830137276 68.1144129010532 68.2405981924678 68.3424988956625 68.4258755006067 68.4942406757148 68.5506583434134 68.5970365399663 68.6352729131229 68.6668314236016 68.6929163585941 68.714401060102
47.2972824900726 51.7832758794358 55.7361523364029 58.0698744300118 59.8834592340375 61.1408633604532 62.2087433944796 63.140822046697 63.9486796678649 64.6607652651456 65.274236780109 65.7622803007608 66.2076747842069 66.6366764143689 66.9747877093641 67.266472468164 67.5309270718284 67.7642226137068 67.9579830137276 68.1144129010532 68.2405981924678 68.3424988956625 68.4258755006067 68.4942406757148 68.5506583434134 68.5970365399663 68.6352729131229 68.6668314236016 68.6929163585941 68.714401060102
47.2972824900726 51.7832758794358 55.7361523364029 58.0698744300118 59.8834592340375 61.1408633604532 62.2087433944796 63.140822046697 63.9486796678649 64.6607652651456 65.274236780109 65.7622803007608 66.2076747842069 66.6366764143689 66.9747877093641 67.266472468164 67.5309270718284 67.7642226137068 67.9579830137276 68.1144129010532 68.2405981924678 68.3424988956625 68.4258755006067 68.4942406757148 68.5506583434134 68.5970365399663 68.6352729131229 68.6668314236016 68.6929163585941 68.714401060102
47.2972824900726 51.7832758794358 55.7361523364029 58.0698744300118 59.8834592340375 61.1408633604532 62.2087433944796 63.140822046697 63.9486796678649 64.6607652651456 65.274236780109 65.7622803007608 66.2076747842069 66.6366764143689 66.9747877093641 67.266472468164 67.5309270718284 67.7642226137068 67.9579830137276 68.1144129010532 68.2405981924678 68.3424988956625 68.4258755006067 68.4942406757148 68.5506583434134 68.5970365399663 68.6352729131229 68.6668314236016 68.6929163585941 68.714401060102
47.2972824900726 51.7832758794358 55.7361523364029 58.0698744300118 59.8834592340375 61.1408633604532 62.2087433944796 63.140822046697 63.9486796678649 64.6607652651456 65.274236780109 65.7622803007608 66.2076747842069 66.6366764143689 66.9747877093641 67.266472468164 67.5309270718284 67.7642226137068 67.9579830137276 68.1144129010532 68.2405981924678 68.3424988956625 68.4258755006067 68.4942406757148 68.5506583434134 68.5970365399663 68.6352729131229 68.6668314236016 68.6929163585941 68.714401060102
47.2972824900726 51.7832758794358 55.7361523364029 58.0698744300118 59.8834592340375 61.1408633604532 62.2087433944796 63.140822046697 63.9486796678649 64.6607652651456 65.274236780109 65.7622803007608 66.2076747842069 66.6366764143689 66.9747877093641 67.266472468164 67.5309270718284 67.7642226137068 67.9579830137276 68.1144129010532 68.2405981924678 68.3424988956625 68.4258755006067 68.4942406757148 68.5506583434134 68.5970365399663 68.6352729131229 68.6668314236016 68.6929163585941 68.714401060102
47.2972824900726 51.7832758794358 55.7361523364029 58.0698744300118 59.8834592340375 61.1408633604532 62.2087433944796 63.140822046697 63.9486796678649 64.6607652651456 65.274236780109 65.7622803007608 66.2076747842069 66.6366764143689 66.9747877093641 67.266472468164 67.5309270718284 67.7642226137068 67.9579830137276 68.1144129010532 68.2405981924678 68.3424988956625 68.4258755006067 68.4942406757148 68.5506583434134 68.5970365399663 68.6352729131229 68.6668314236016 68.6929163585941 68.714401060102
47.2972824900726 51.7832758794358 55.7361523364029 58.0698744300118 59.8834592340375 61.1408633604532 62.2087433944796 63.140822046697 63.9486796678649 64.6607652651456 65.274236780109 65.7622803007608 66.2076747842069 66.6366764143689 66.9747877093641 67.266472468164 67.5309270718284 67.7642226137068 67.9579830137276 68.1144129010532 68.2405981924678 68.3424988956625 68.4258755006067 68.4942406757148 68.5506583434134 68.5970365399663 68.6352729131229 68.6668314236016 68.6929163585941 68.714401060102
47.2972824900726 51.7832758794358 55.7361523364029 58.0698744300118 59.8834592340375 61.1408633604532 62.2087433944796 63.140822046697 63.9486796678649 64.6607652651456 65.274236780109 65.7622803007608 66.2076747842069 66.6366764143689 66.9747877093641 67.266472468164 67.5309270718284 67.7642226137068 67.9579830137276 68.1144129010532 68.2405981924678 68.3424988956625 68.4258755006067 68.4942406757148 68.5506583434134 68.5970365399663 68.6352729131229 68.6668314236016 68.6929163585941 68.714401060102
47.2972824900726 51.7832758794358 55.7361523364029 58.0698744300118 59.8834592340375 61.1408633604532 62.2087433944796 63.140822046697 63.9486796678649 64.6607652651456 65.274236780109 65.7622803007608 66.2076747842069 66.6366764143689 66.9747877093641 67.266472468164 67.5309270718284 67.7642226137068 67.9579830137276 68.1144129010532 68.2405981924678 68.3424988956625 68.4258755006067 68.4942406757148 68.5506583434134 68.5970365399663 68.6352729131229 68.6668314236016 68.6929163585941 68.714401060102
47.2972824900726 51.7832758794358 55.7361523364029 58.0698744300118 59.8834592340375 61.1408633604532 62.2087433944796 63.140822046697 63.9486796678649 64.6607652651456 65.274236780109 65.7622803007608 66.2076747842069 66.6366764143689 66.9747877093641 67.266472468164 67.5309270718284 67.7642226137068 67.9579830137276 68.1144129010532 68.2405981924678 68.3424988956625 68.4258755006067 68.4942406757148 68.5506583434134 68.5970365399663 68.6352729131229 68.6668314236016 68.6929163585941 68.714401060102
47.2972824900726 51.7832758794358 55.7361523364029 58.0698744300118 59.8834592340375 61.1408633604532 62.2087433944796 63.140822046697 63.9486796678649 64.6607652651456 65.274236780109 65.7622803007608 66.2076747842069 66.6366764143689 66.9747877093641 67.266472468164 67.5309270718284 67.7642226137068 67.9579830137276 68.1144129010532 68.2405981924678 68.3424988956625 68.4258755006067 68.4942406757148 68.5506583434134 68.5970365399663 68.6352729131229 68.6668314236016 68.6929163585941 68.714401060102
47.2972824900726 51.7832758794358 55.7361523364029 58.0698744300118 59.8834592340375 61.1408633604532 62.2087433944796 63.140822046697 63.9486796678649 64.6607652651456 65.274236780109 65.7622803007608 66.2076747842069 66.6366764143689 66.9747877093641 67.266472468164 67.5309270718284 67.7642226137068 67.9579830137276 68.1144129010532 68.2405981924678 68.3424988956625 68.4258755006067 68.4942406757148 68.5506583434134 68.5970365399663 68.6352729131229 68.6668314236016 68.6929163585941 68.714401060102
47.2972824900726 51.7832758794358 55.7361523364029 58.0698744300118 59.8834592340375 61.1408633604532 62.2087433944796 63.140822046697 63.9486796678649 64.6607652651456 65.274236780109 65.7622803007608 66.2076747842069 66.6366764143689 66.9747877093641 67.266472468164 67.5309270718284 67.7642226137068 67.9579830137276 68.1144129010532 68.2405981924678 68.3424988956625 68.4258755006067 68.4942406757148 68.5506583434134 68.5970365399663 68.6352729131229 68.6668314236016 68.6929163585941 68.714401060102
47.2972824900726 51.7832758794358 55.7361523364029 58.0698744300118 59.8834592340375 61.1408633604532 62.2087433944796 63.140822046697 63.9486796678649 64.6607652651456 65.274236780109 65.7622803007608 66.2076747842069 66.6366764143689 66.9747877093641 67.266472468164 67.5309270718284 67.7642226137068 67.9579830137276 68.1144129010532 68.2405981924678 68.3424988956625 68.4258755006067 68.4942406757148 68.5506583434134 68.5970365399663 68.6352729131229 68.6668314236016 68.6929163585941 68.714401060102
47.2972824900726 51.7832758794358 55.7361523364029 58.0698744300118 59.8834592340375 61.1408633604532 62.2087433944796 63.140822046697 63.9486796678649 64.6607652651456 65.274236780109 65.7622803007608 66.2076747842069 66.6366764143689 66.9747877093641 67.266472468164 67.5309270718284 67.7642226137068 67.9579830137276 68.1144129010532 68.2405981924678 68.3424988956625 68.4258755006067 68.4942406757148 68.5506583434134 68.5970365399663 68.6352729131229 68.6668314236016 68.6929163585941 68.714401060102
47.2972824900726 51.7832758794358 55.7361523364029 58.0698744300118 59.8834592340375 61.1408633604532 62.2087433944796 63.140822046697 63.9486796678649 64.6607652651456 65.274236780109 65.7622803007608 66.2076747842069 66.6366764143689 66.9747877093641 67.266472468164 67.5309270718284 67.7642226137068 67.9579830137276 68.1144129010532 68.2405981924678 68.3424988956625 68.4258755006067 68.4942406757148 68.5506583434134 68.5970365399663 68.6352729131229 68.6668314236016 68.6929163585941 68.714401060102
47.2972824900726 51.7832758794358 55.7361523364029 58.0698744300118 59.8834592340375 61.1408633604532 62.2087433944796 63.140822046697 63.9486796678649 64.6607652651456 65.274236780109 65.7622803007608 66.2076747842069 66.6366764143689 66.9747877093641 67.266472468164 67.5309270718284 67.7642226137068 67.9579830137276 68.1144129010532 68.2405981924678 68.3424988956625 68.4258755006067 68.4942406757148 68.5506583434134 68.5970365399663 68.6352729131229 68.6668314236016 68.6929163585941 68.714401060102
47.2972824900726 51.7832758794358 55.7361523364029 58.0698744300118 59.8834592340375 61.1408633604532 62.2087433944796 63.140822046697 63.9486796678649 64.6607652651456 65.274236780109 65.7622803007608 66.2076747842069 66.6366764143689 66.9747877093641 67.266472468164 67.5309270718284 67.7642226137068 67.9579830137276 68.1144129010532 68.2405981924678 68.3424988956625 68.4258755006067 68.4942406757148 68.5506583434134 68.5970365399663 68.6352729131229 68.6668314236016 68.6929163585941 68.714401060102
47.2972824900726 51.7832758794358 55.7361523364029 58.0698744300118 59.8834592340375 61.1408633604532 62.2087433944796 63.140822046697 63.9486796678649 64.6607652651456 65.274236780109 65.7622803007608 66.2076747842069 66.6366764143689 66.9747877093641 67.266472468164 67.5309270718284 67.7642226137068 67.9579830137276 68.1144129010532 68.2405981924678 68.3424988956625 68.4258755006067 68.4942406757148 68.5506583434134 68.5970365399663 68.6352729131229 68.6668314236016 68.6929163585941 68.714401060102
47.2972824900726 51.7832758794358 55.7361523364029 58.0698744300118 59.8834592340375 61.1408633604532 62.2087433944796 63.140822046697 63.9486796678649 64.6607652651456 65.274236780109 65.7622803007608 66.2076747842069 66.6366764143689 66.9747877093641 67.266472468164 67.5309270718284 67.7642226137068 67.9579830137276 68.1144129010532 68.2405981924678 68.3424988956625 68.4258755006067 68.4942406757148 68.5506583434134 68.5970365399663 68.6352729131229 68.6668314236016 68.6929163585941 68.714401060102
47.2972824900726 51.7832758794358 55.7361523364029 58.0698744300118 59.8834592340375 61.1408633604532 62.2087433944796 63.140822046697 63.9486796678649 64.6607652651456 65.274236780109 65.7622803007608 66.2076747842069 66.6366764143689 66.9747877093641 67.266472468164 67.5309270718284 67.7642226137068 67.9579830137276 68.1144129010532 68.2405981924678 68.3424988956625 68.4258755006067 68.4942406757148 68.5506583434134 68.5970365399663 68.6352729131229 68.6668314236016 68.6929163585941 68.714401060102
47.2972824900726 51.7832758794358 55.7361523364029 58.0698744300118 59.8834592340375 61.1408633604532 62.2087433944796 63.140822046697 63.9486796678649 64.6607652651456 65.274236780109 65.7622803007608 66.2076747842069 66.6366764143689 66.9747877093641 67.266472468164 67.5309270718284 67.7642226137068 67.9579830137276 68.1144129010532 68.2405981924678 68.3424988956625 68.4258755006067 68.4942406757148 68.5506583434134 68.5970365399663 68.6352729131229 68.6668314236016 68.6929163585941 68.714401060102
47.2972824900726 51.7832758794358 55.7361523364029 58.0698744300118 59.8834592340375 61.1408633604532 62.2087433944796 63.140822046697 63.9486796678649 64.6607652651456 65.274236780109 65.7622803007608 66.2076747842069 66.6366764143689 66.9747877093641 67.266472468164 67.5309270718284 67.7642226137068 67.9579830137276 68.1144129010532 68.2405981924678 68.3424988956625 68.4258755006067 68.4942406757148 68.5506583434134 68.5970365399663 68.6352729131229 68.6668314236016 68.6929163585941 68.714401060102
47.2972824900726 51.7832758794358 55.7361523364029 58.0698744300118 59.8834592340375 61.1408633604532 62.2087433944796 63.140822046697 63.9486796678649 64.6607652651456 65.274236780109 65.7622803007608 66.2076747842069 66.6366764143689 66.9747877093641 67.266472468164 67.5309270718284 67.7642226137068 67.9579830137276 68.1144129010532 68.2405981924678 68.3424988956625 68.4258755006067 68.4942406757148 68.5506583434134 68.5970365399663 68.6352729131229 68.6668314236016 68.6929163585941 68.714401060102
47.2972824900726 51.7832758794358 55.7361523364029 58.0698744300118 59.8834592340375 61.1408633604532 62.2087433944796 63.140822046697 63.9486796678649 64.6607652651456 65.274236780109 65.7622803007608 66.2076747842069 66.6366764143689 66.9747877093641 67.266472468164 67.5309270718284 67.7642226137068 67.9579830137276 68.1144129010532 68.2405981924678 68.3424988956625 68.4258755006067 68.4942406757148 68.5506583434134 68.5970365399663 68.6352729131229 68.6668314236016 68.6929163585941 68.714401060102
47.2972824900726 51.7832758794358 55.7361523364029 58.0698744300118 59.8834592340375 61.1408633604532 62.2087433944796 63.140822046697 63.9486796678649 64.6607652651456 65.274236780109 65.7622803007608 66.2076747842069 66.6366764143689 66.9747877093641 67.266472468164 67.5309270718284 67.7642226137068 67.9579830137276 68.1144129010532 68.2405981924678 68.3424988956625 68.4258755006067 68.4942406757148 68.5506583434134 68.5970365399663 68.6352729131229 68.6668314236016 68.6929163585941 68.714401060102
47.2972824900726 51.7832758794358 55.7361523364029 58.0698744300118 59.8834592340375 61.1408633604532 62.2087433944796 63.140822046697 63.9486796678649 64.6607652651456 65.274236780109 65.7622803007608 66.2076747842069 66.6366764143689 66.9747877093641 67.266472468164 67.5309270718284 67.7642226137068 67.9579830137276 68.1144129010532 68.2405981924678 68.3424988956625 68.4258755006067 68.4942406757148 68.5506583434134 68.5970365399663 68.6352729131229 68.6668314236016 68.6929163585941 68.714401060102
47.2972824900726 51.7832758794358 55.7361523364029 58.0698744300118 59.8834592340375 61.1408633604532 62.2087433944796 63.140822046697 63.9486796678649 64.6607652651456 65.274236780109 65.7622803007608 66.2076747842069 66.6366764143689 66.9747877093641 67.266472468164 67.5309270718284 67.7642226137068 67.9579830137276 68.1144129010532 68.2405981924678 68.3424988956625 68.4258755006067 68.4942406757148 68.5506583434134 68.5970365399663 68.6352729131229 68.6668314236016 68.6929163585941 68.714401060102
47.2972824900726 51.7832758794358 55.7361523364029 58.0698744300118 59.8834592340375 61.1408633604532 62.2087433944796 63.140822046697 63.9486796678649 64.6607652651456 65.274236780109 65.7622803007608 66.2076747842069 66.6366764143689 66.9747877093641 67.266472468164 67.5309270718284 67.7642226137068 67.9579830137276 68.1144129010532 68.2405981924678 68.3424988956625 68.4258755006067 68.4942406757148 68.5506583434134 68.5970365399663 68.6352729131229 68.6668314236016 68.6929163585941 68.714401060102
47.2972824900726 51.7832758794358 55.7361523364029 58.0698744300118 59.8834592340375 61.1408633604532 62.2087433944796 63.140822046697 63.9486796678649 64.6607652651456 65.274236780109 65.7622803007608 66.2076747842069 66.6366764143689 66.9747877093641 67.266472468164 67.5309270718284 67.7642226137068 67.9579830137276 68.1144129010532 68.2405981924678 68.3424988956625 68.4258755006067 68.4942406757148 68.5506583434134 68.5970365399663 68.6352729131229 68.6668314236016 68.6929163585941 68.714401060102
49.382033305481 55.3679187177025 59.6889415147424 61.3617772277497 62.0849128542882 63.0932229964037 63.9619195735763 64.8820801851188 65.4900494493544 65.8968492734104 66.2421395348873 66.5718762886233 66.8380560013164 67.1298897433466 67.3861140680132 67.604451051993 67.7972514075178 67.9575486626828 68.0956066296157 68.2084929731982 68.3033435278671 68.3840517511362 68.4532731057369 68.5117739947147 68.5610430295101 68.602262475315 68.6369871114423 68.6659133799023 68.6900685231315 68.7102136927363
47.4869696895127 53.2457677743648 58.6586978239152 61.2126364049944 62.3772528411133 63.3416884423107 64.1009281329005 65.002737901603 65.6966475563826 66.1204404932837 66.4229247753894 66.6855799046272 66.8724947740611 67.1569387380866 67.4124688342071 67.6322395096367 67.8235732174003 67.9790913703578 68.1149386096588 68.2245089491903 68.3169395579732 68.3956129417298 68.4623281208578 68.5187235868909 68.5661700136193 68.605658269355 68.639253581304 68.6674062633273 68.6910520148267 68.7108187876753
47.6296090018634 52.3254387415455 56.9038046223716 60.0401941381515 61.862759712464 63.2974389495345 64.2420393789497 65.0587505170124 65.7809224911076 66.2291013575319 66.5674425000738 66.8375215325053 67.0208866773364 67.2721470207063 67.4952765831792 67.698131487846 67.8766876837325 68.0213837571727 68.1481437994921 68.2511082527277 68.3385096489105 68.4132776836891 68.476314884604 68.5297756361635 68.575009077749 68.6125932937578 68.6445455184182 68.6714176013965 68.6940180677875 68.7129675841292
48.2123745974262 53.6330812671719 56.930527037375 59.1953978508072 61.3294061414678 63.1600822150301 64.2562541023216 65.0080734486598 65.7502756683931 66.2960482127015 66.6692439476296 66.9611697248185 67.1904367582093 67.4347169964385 67.6250848329659 67.796445381544 67.9548381222433 68.0833902057444 68.20061792673 68.2950967755099 68.3748662840956 68.4427431803522 68.500308031786 68.5491801684942 68.5906707628648 68.6252515568304 68.6545797266483 68.6793516659888 68.7002504180495 68.717859152678
46.6166129102239 52.0747077155793 56.0555771965435 58.6142585722516 60.1157110293349 62.297187483136 63.7275097127237 64.4579303560726 65.2503093142123 65.8657769530355 66.3418183895806 66.7707617071318 67.0907826022065 67.384781023563 67.6067949096011 67.8016409068538 67.9729387595931 68.1054788336674 68.2234432932031 68.3179676543815 68.3966483107076 68.4632913197962 68.5188843760215 68.5654145776932 68.6045403408144 68.6369960821408 68.6643555215581 68.6874325697633 68.7068614147699 68.7232429759705
46.4086074192789 52.2956597633475 57.488097432883 59.9721182376421 61.3197118602183 63.1900070207855 64.4338764150612 65.0560410883991 65.73092355664 66.2320878124094 66.6039201905893 66.9578796696052 67.2462325309853 67.4926875588076 67.6986209252953 67.875940970215 68.0333034626152 68.1551248792508 68.2624045618818 68.3497986855734 68.423434258099 68.4858396304357 68.538117115893 68.582081597021 68.6187451397845 68.6491838158624 68.6746432517586 68.6960363670729 68.7139886038138 68.7291047532889
45.8354527611213 50.4859371644288 56.5091472783703 60.2030449742963 61.5114533746995 63.0991071687972 64.3021158757156 64.900561037623 65.6752043043859 66.2053451490771 66.6477222004367 67.0344526958573 67.333951388769 67.5784460004705 67.7839467663474 67.9539165206414 68.0998488733235 68.2149907640691 68.3117871856235 68.3912310809552 68.4583255331639 68.5146674017265 68.562574721944 68.6025753210931 68.6359112334597 68.6636252729538 68.6868219521599 68.7062981639246 68.7226324117643 68.7363695350065
47.7877200416128 52.4734827963256 57.1871618966234 60.4650623614095 61.3149744502936 62.5885934787656 63.6493630259874 64.3506031097945 65.1968930477866 65.8709168982109 66.454218899536 66.9267232695465 67.2851248487803 67.5656030022287 67.7861693619268 67.9656939637214 68.117712063923 68.2385362776663 68.3350914744589 68.4143904058783 68.4813523511039 68.536624302197 68.5827042875979 68.6204266793313 68.6515345597329 68.677253036974 68.6986362888987 68.7164842908521 68.7313606687564 68.7438287788945
48.1642920482153 52.4958429353888 55.7072018708578 58.7389072489173 60.5182126772237 61.8539523642546 62.9686994223376 63.7245684219887 64.6785265761973 65.4916774558252 66.192700852585 66.7718346808827 67.2015760918189 67.5314664136665 67.774357125983 67.9660120674151 68.1258822180215 68.2523875689877 68.3521133931466 68.4329486921884 68.4999885466893 68.5547515390545 68.5995963917393 68.6357858973943 68.6653157129418 68.6894852221372 68.7094215022486 68.7259139644169 68.7395689726104 68.7509314776986
49.1296109330385 53.6463549061584 57.0100567947152 59.8363794163613 61.6381596988361 62.8311273175131 63.9637133418933 64.7260524010161 65.4624207337851 66.001873423176 66.5619568931018 67.0431826412846 67.3927001195898 67.6686754760677 67.8830717735629 68.051448016307 68.1942281488206 68.3085477147829 68.3991530035815 68.4728743046619 68.5335654129499 68.5829729403244 68.6232180740562 68.6556537969529 68.6821559441116 68.7038117726694 68.7216267906392 68.7363223744457 68.7484627665055 68.7585282671316
48.9927059665258 52.369462744548 56.2934460772857 58.8158846025032 60.3631442346872 61.1423425402442 62.3297283982934 63.3059329205877 64.3464050344065 65.0976721009482 65.862938036947 66.5555647487969 67.0486555511101 67.4242574017069 67.7169066444849 67.9386605903712 68.1212586711911 68.2628367786183 68.3721997168573 68.4586566866153 68.5279799213272 68.5831046802037 68.6267721488607 68.6611199223273 68.6885459547499 68.7105499160464 68.7283042603156 68.7426749635535 68.7543720601567 68.7639235578958
48.6860506717414 52.3884877473838 56.0046906067305 58.7873370684009 60.9919592716702 61.6758554750784 62.509268678772 63.1829034570167 63.9807583910576 64.607940319085 65.4181597153221 66.2064672299567 66.7761816127891 67.2116954185033 67.5523543124202 67.8176720466747 68.0356195521892 68.2052672036188 68.3351782198519 68.4362327586566 68.5153611535247 68.5768748984744 68.6248522868482 68.6619183164332 68.6909725772938 68.7139159179436 68.7321473727996 68.746671186475 68.7583339162615 68.767725290838
48.4517340018759 51.5502907981478 56.5390423911455 58.5693675768962 60.8430223047152 61.6466605653868 62.5516851982631 63.1036872282678 63.6971604324411 64.0611264787113 64.8263400329139 65.5729809967092 66.2471426505517 66.8046181474593 67.2290918238192 67.5775445325874 67.8598792580759 68.081738089274 68.2489740571902 68.3774930795907 68.4757752421354 68.5506991997168 68.6083727641388 68.6517862990897 68.6850947055889 68.7109618873977 68.7311764015453 68.7469841237057 68.7594612095177 68.7693303579038
48.7764081187446 52.5158788675627 57.3264062910714 59.1036025971961 60.8488144519843 61.6564678813906 62.5706810673757 62.8488611091963 63.0588323088058 63.3936081708395 64.2132620352884 64.7565650504344 65.481083451162 66.1697975426787 66.6932649334921 67.156830523817 67.5429484806002 67.8500337450085 68.0848907186628 68.2632497218799 68.3959839787748 68.4947861962911 68.5698202861966 68.6253381741918 68.6670065439509 68.6988481178984 68.7233343139084 68.7420930441159 68.756627291793 68.7678986347405
47.0935956281189 51.0247455461322 55.8440678598169 58.1377326061981 59.787054794194 61.1068577986933 62.4024336568356 62.8882390504092 63.2348943160785 63.5134575903426 64.0331251928287 64.3463209136793 65.0119498054217 65.6646562928162 66.2177405850632 66.7493086881707 67.1922624077165 67.5740819811253 67.8785615817769 68.111363157476 68.2833987412332 68.4117277189771 68.5092935927041 68.5816646718346 68.6356506178353 68.6766069541729 68.7076802457676 68.7312482330834 68.749243320767 68.7629834559356
47.0862849006968 49.9639109644912 53.7018053788774 56.389862523005 58.4937855346754 60.149995098253 61.7416030913158 62.9688371981514 63.3382469754565 63.7172942436639 64.0290314206626 64.1626780559596 64.7406583387245 65.4269692317726 65.9727502019415 66.5109930068328 66.98111509545 67.3931470293869 67.7282341027458 67.990212787599 68.1872127661947 68.3358325905571 68.449650633641 68.5358726332865 68.600826024615 68.650544451357 68.6883408019383 68.7170588573844 68.7389596941496 68.7556286502967
46.3084462996924 49.1282019259934 52.9401372127934 54.2146745379944 56.7477185017638 58.6750371282253 60.1398395830815 61.9643336741204 62.6731829313254 63.2511868188382 63.7747819240965 64.1358703395826 64.7465596164943 65.413239939025 65.8953848228803 66.3634848654278 66.827774351718 67.2586055828783 67.6058197926404 67.8812525222552 68.0937425793223 68.2580413344687 68.3843947833521 68.4832223963787 68.5594341881577 68.61853681147 68.6637810398602 68.6984943967044 68.725087989943 68.7453680266068
47.7021145360134 52.1469466575682 55.0997342828017 57.024848378706 58.984571094355 60.2979136331696 61.2051206738791 62.8499293149529 63.6223562745248 64.1049615464328 64.5176282144911 64.744036348358 65.1546890068064 65.7127009457204 66.0590897239227 66.4323023214839 66.8509689333573 67.2485566788819 67.5732861261963 67.8362780818689 68.0452489394044 68.2091352714543 68.3367865344721 68.4401070943951 68.5222617221003 68.5873152248105 68.6382392566473 68.6780392648997 68.7090126199991 68.7329092706476
47.9698711333557 52.2147736691247 55.8048454898101 57.1026982172914 58.5746477755413 59.5957468060731 60.9647216040314 62.9630256723642 63.91860279036 64.32909117442 64.7750711996477 64.9098233066261 65.3183806840043 65.8415673592593 66.1596946276383 66.5138399011439 66.8853168427063 67.2454176005881 67.5412050955502 67.7864704832469 67.9864950963646 68.1487625692769 68.28015711855 68.3901815314907 68.479577074192 68.5515608593791 68.6086740302926 68.6539421763068 68.6896988533308 68.7176651956351
47.6508967979833 51.1655605177945 55.1083948170136 56.9677853188129 59.4900138525467 60.4523469027972 61.158353908638 62.8524808351958 64.0473543643068 64.621070470697 65.1462323130747 65.455839602028 65.8082683559055 66.1643525738078 66.4265161734097 66.7104748343706 67.0051392158193 67.3103072128342 67.5723885867137 67.7930417609005 67.9770005372506 68.1287168613701 68.25465471925 68.3612981765934 68.4504875812229 68.5240313952993 68.5837336827424 68.6320937751059 68.6711470631831 68.7022407098977
47.3995528424373 51.0160455353892 54.1894957037853 56.4886966451432 58.8530870694743 59.9310393058354 60.402310037585 61.6035369848194 63.0399835257777 63.9628508826727 64.7311293118121 65.2893483343374 65.7510148015096 66.1662044563644 66.5131660028089 66.7932777887256 67.0638307660638 67.3529798551734 67.6038816596303 67.808644498 67.9797888141008 68.1208635707866 68.239391257404 68.3412609118208 68.4277762545431 68.5004631636077 68.5609926804794 68.6111678387808 68.6524858897206 68.6861251324435
47.2497191915181 52.1385626177691 55.0395722997624 57.8970269202516 60.3676914285731 61.320555732579 61.8016993034414 62.5147255382811 63.4985910577617 64.3046368536069 64.9529399415056 65.4437697739595 65.8751850846832 66.2745696605113 66.6065565650682 66.8695561014433 67.1213598255828 67.3926172368142 67.6250821676693 67.8200420868361 67.9819287474309 68.1131377596302 68.2254612777007 68.3225755976688 68.4069866563845 68.4787986387447 68.539581563788 68.5908445192416 68.6337196621573 68.6693176761364
45.5948926652134 51.2830968220085 54.2744926885235 56.03949245006 58.7680370693618 60.5032604101902 61.4525026356648 62.1793464112062 63.3300575131034 64.2457035120765 64.9470478206824 65.5607163975857 66.0223121391715 66.4312898406763 66.7521271520643 66.9926114630191 67.2245567157885 67.4602730517934 67.6716218038456 67.8510401445644 67.999046128571 68.1222192592847 68.228340991854 68.318965392347 68.3983329000046 68.4665287024814 68.525162811355 68.5754568113634 68.6183284844007 68.654439164302
45.3112970373743 49.9549582091735 53.6170142823584 56.7098705988867 58.2968061200399 59.8458203711871 61.0560084780703 61.8544861000273 62.9203835514905 64.0809712838844 64.8527938255324 65.5331076745992 65.9814223097517 66.4065926417539 66.7521120710458 67.008747430783 67.2566578413423 67.4920460497959 67.6974511362544 67.8699039741917 68.010994111363 68.1294424807656 68.2310406583813 68.31735606589 68.3929388042911 68.458204467019 68.5147207790172 68.5636846528799 68.6059988145212 68.6421373679136
45.0897996342212 50.7181864693968 52.464892752585 55.6481805749048 57.7901080322153 59.0115739274136 60.0777034697601 61.1440973882948 62.3030722713752 63.7930403449491 64.6655838336829 65.4371503492919 65.9244666897657 66.3796966681898 66.7662744595117 67.0474318319697 67.3038266123811 67.5316104072814 67.7283107262216 67.8915527561798 68.0271210531722 68.1411917792486 68.2390124495044 68.3211098981682 68.392951414766 68.4549943596981 68.5088950920288 68.5559293239994 68.5970767467862 68.6325913038716
46.1706137662325 52.0367418916103 54.8850900912548 55.2992215402803 57.429748096559 57.969986765534 59.1274290968092 59.8861854732871 60.9591106370085 62.6922471950982 63.8302505167789 64.7733469279189 65.3889996677184 65.9731294703549 66.4563428246594 66.8238213063655 67.1443619973606 67.4181304123477 67.6475731491537 67.8331977662308 67.9843405028001 68.1088491061753 68.2140535092976 68.3016146880047 68.3768391517537 68.4408098108615 68.4958022434486 68.5434322910813 68.584867324029 68.6207537145214
44.8393613324417 48.4884059786586 53.6037713888646 55.0505510212062 56.1506350467164 57.0694429536547 58.5385637876671 59.5241884373531 59.9331859588282 61.8536861440024 63.1239895438672 64.1369999558361 64.858007614943 65.5095736239775 66.0979900475195 66.5422795310696 66.9218904148323 67.239881620282 67.5075828522929 67.7220982880796 67.8977594521002 68.0402522157654 68.1592643939884 68.25771521863 68.3409972861237 68.4111951029077 68.4709308333072 68.5220563374723 68.5660568793092 68.6039261079587
46.045949364475 49.4566619251863 53.5960766255369 55.4487155245067 56.8819358548953 58.0389601218402 59.3756766249358 60.3629908233965 60.948853431794 62.3080813316467 63.3316455913384 64.1968766432671 64.8673462998023 65.4694338347469 66.0126397552996 66.4476643119808 66.8223803707962 67.1409256123243 67.4122123361619 67.6356564399992 67.8215149234013 67.9748427179709 68.10336021445 68.210399877104 68.3007267326825 68.3768347250396 68.441374756118 68.4963637551148 68.543448830418 68.5838362600498
