#Species name here:
GOA_SABLE
#SSL Species?
0
#Constant buffer of Dorn?
0
#Number of fisheries?
2
#Number of sexes?
2
#5year_Average_F(endyr-4,endyr_as_estimated_by_ADmodel)
0.0694452
#_Author_F_as_fraction_F_40%
1
#ABC SPR
0.4
#MSY SPR
0.35
#_Spawn_month
1
#_Number_of_ages
30
#_F_ratio(must_sum_to_one_only_one_fishery)
0.760165 0.239835
#_Natural_Mortality 2 3 4 5 6 7 8 9 10 11 12 13 14 15 16 17 18 19 20 21 22 23 24 25 26 27 28 29 30 31
 0.0983709 0.0983709 0.0983709 0.0983709 0.0983709 0.0983709 0.0983709 0.0983709 0.0983709 0.0983709 0.0983709 0.0983709 0.0983709 0.0983709 0.0983709 0.0983709 0.0983709 0.0983709 0.0983709 0.0983709 0.0983709 0.0983709 0.0983709 0.0983709 0.0983709 0.0983709 0.0983709 0.0983709 0.0983709 0.0983709
#_Natural_Mortality 2 3 4 5 6 7 8 9 10 11 12 13 14 15 16 17 18 19 20 21 22 23 24 25 26 27 28 29 30 31
 0.0983709 0.0983709 0.0983709 0.0983709 0.0983709 0.0983709 0.0983709 0.0983709 0.0983709 0.0983709 0.0983709 0.0983709 0.0983709 0.0983709 0.0983709 0.0983709 0.0983709 0.0983709 0.0983709 0.0983709 0.0983709 0.0983709 0.0983709 0.0983709 0.0983709 0.0983709 0.0983709 0.0983709 0.0983709 0.0983709
#_Maturity_divided_by_2(projection_program_uses_to_get_female_spawning_biomass_if_divide_by_2 2 3 4 5 6 7 8 9 10 11 12 13 14 15 16 17 18 19 20 21 22 23 24 25 26 27 28 29 30 31
 0.0223754 0.0460186 0.0922865 0.176468 0.311118 0.48767 0.667353 0.808734 0.89911 0.949451 0.975362 0.988157 0.994346 0.997309 0.998721 0.999393 0.999712 0.999863 0.999935 0.999969 0.999985 0.999993 0.999997 0.999998 0.999999 1 1 1 1 1
#_Wt_at_age_spawners 2 3 4 5 6 7 8 9 10 11 12 13 14 15 16 17 18 19 20 21 22 23 24 25 26 27 28 29 30 31
 1.1289 1.5716 2.0231 2.4639 2.8806 3.2653 3.614 3.9258 4.2014 4.4427 4.6527 4.8342 4.9903 5.1242 5.2385 5.336 5.4188 5.4891 5.5486 5.599 5.6416 5.6775 5.7079 5.7335 5.755 5.7732 5.7885 5.8014 5.8122 5.8455
#_Wt_at_age_fishery1 female 2 3 4 5 6 7 8 9 10 11 12 13 14 15 16 17 18 19 20 21 22 23 24 25 26 27 28 29 30 31
 1.1289 1.5716 2.0231 2.4639 2.8806 3.2653 3.614 3.9258 4.2014 4.4427 4.6527 4.8342 4.9903 5.1242 5.2385 5.336 5.4188 5.4891 5.5486 5.599 5.6416 5.6775 5.7079 5.7335 5.755 5.7732 5.7885 5.8014 5.8122 5.8455
#_Wt_at_age_fishery2 female 2 3 4 5 6 7 8 9 10 11 12 13 14 15 16 17 18 19 20 21 22 23 24 25 26 27 28 29 30 31
 1.1289 1.5716 2.0231 2.4639 2.8806 3.2653 3.614 3.9258 4.2014 4.4427 4.6527 4.8342 4.9903 5.1242 5.2385 5.336 5.4188 5.4891 5.5486 5.599 5.6416 5.6775 5.7079 5.7335 5.755 5.7732 5.7885 5.8014 5.8122 5.8455
#_Wt_at_age_spawners1 male 2 3 4 5 6 7 8 9 10 11 12 13 14 15 16 17 18 19 20 21 22 23 24 25 26 27 28 29 30 31
 1.0695 1.4409 1.7768 2.0663 2.3077 2.5044 2.6622 2.7872 2.8854 2.962 3.0214 3.0674 3.1029 3.1302 3.1511 3.1672 3.1796 3.189 3.1963 3.2018 3.2061 3.2093 3.2118 3.2137 3.2152 3.2163 3.2171 3.2178 3.2183 3.2193
#_Wt_at_age_fishery2 male 2 3 4 5 6 7 8 9 10 11 12 13 14 15 16 17 18 19 20 21 22 23 24 25 26 27 28 29 30 31
 1.0695 1.4409 1.7768 2.0663 2.3077 2.5044 2.6622 2.7872 2.8854 2.962 3.0214 3.0674 3.1029 3.1302 3.1511 3.1672 3.1796 3.189 3.1963 3.2018 3.2061 3.2093 3.2118 3.2137 3.2152 3.2163 3.2171 3.2178 3.2183 3.2193
#_Selectivity_fishery_scaled_to_max_at_one 2 3 4 5 6 7 8 9 10 11 12 13 14 15 16 17 18 19 20 21 22 23 24 25 26 27 28 29 30 31
 0.165743 0.371144 0.55725 0.710367 0.827886 0.911642 0.965337 0.993324 1 0.989493 0.965519 0.931324 0.889684 0.842926 0.792969 0.741371 0.689371 0.637938 0.587812 0.539542 0.493516 0.449994 0.409133 0.371006 0.335621 0.302935 0.272871 0.245323 0.220164 0.19726
 0.190526 0.430628 0.63918 0.798681 0.90814 0.972788 1 0.997453 0.972271 0.930671 0.87786 0.818061 0.75461 0.690068 0.626345 0.564817 0.506428 0.45178 0.401212 0.354863 0.312721 0.274671 0.240523 0.210038 0.182952 0.158986 0.137861 0.119303 0.103051 0.0888584
#_Selectivity_fishery_scaled_to_max_at_one 2 3 4 5 6 7 8 9 10 11 12 13 14 15 16 17 18 19 20 21 22 23 24 25 26 27 28 29 30 31
 0.226308 0.377211 0.498012 0.597652 0.680686 0.750034 0.807797 0.855594 0.89473 0.926285 0.951176 0.97019 0.984013 0.993245 0.998417 1 0.998415 0.994036 0.987201 0.978212 0.967341 0.954833 0.940909 0.925767 0.909587 0.892532 0.874746 0.856362 0.837497 0.818259
 0.198259 0.441328 0.649502 0.806904 0.913582 0.975378 1 0.995283 0.968402 0.92556 0.871918 0.811637 0.747989 0.683473 0.619944 0.558728 0.50073 0.446521 0.396414 0.350528 0.30884 0.271223 0.23748 0.207369 0.180625 0.156968 0.136119 0.117806 0.10177 0.0877671
#_Numbers_at_age_end_year 2 3 4 5 6 7 8 9 10 11 12 13 14 15 16 17 18 19 20 21 22 23 24 25 26 27 28 29 30 31
 13.6977 28.9835 24.6145 7.09492 23.153 24.9667 5.13916 9.28604 2.16084 1.18603 0.459239 0.990159 0.631842 1.39209 0.70544 0.479653 0.403008 0.245938 0.401384 0.211959 0.347421 0.803008 0.202299 0.212522 0.395152 0.1072 0.209228 0.0934195 0.0493589 0.667219
 10.1911 21.6743 18.5678 5.41984 17.9417 19.6513 4.11222 7.56213 1.79497 1.00078 0.397224 0.866501 0.554614 1.21757 0.611368 0.410474 0.340753 0.205622 0.331862 0.17306 0.280523 0.643037 0.160658 0.167185 0.30878 0.0835741 0.162468 0.072448 0.0382966 0.549638
#_N_recruitment_years
43
#_Recruitment_start_at_1977_yearclass=1979_for_age_2_recruits 1979 1980 1981 1982 1983 1984 1985 1986 1987 1988 1989 1990 1991 1992 1993 1994 1995 1996 1997 1998 1999 2000 2001 2002 2003 2004 2005 2006 2007 2008 2009 2010 2011 2012 2013 2014 2015 2016 2017 2018 2019 2020 2021
 47.0745 56.2019 11.4328 37.0249 36.7303 19.5222 15.2376 16.0703 10.5459 7.88717 8.4714 10.9676 15.0077 12.3312 19.3318 7.08071 6.11516 9.98202 19.3303 8.56874 27.2266 12.671 10.435 35.6741 13.2909 7.01477 11.5051 6.092 8.63084 8.8832 11.2595 18.9512 7.25468 9.51276 3.67632 7.93211 12.3608 45.151 21.04 86.3679 68.2082 17.9845 54.3338
#_Spawners per recruitment (starting at 1977)
 194.106 182.532 176.269 168.568 162.419 159.021 162.225 172.256 186.35 201.496 208.382 207.92 200.327 188.979 176.124 163.229 151.184 138.882 128.723 121.433 116.561 113.054 109.934 107.149 104.198 103.877 104.735 105.953 107.742 110.218 112.546 113.041 111.867 109.413 106.268 102.324 98.4543 95.3849 93.692 92.3419 91.7415 92.2175
