#_Random_number_seed
1234
#_Number_of_fisheries
1
#_Number_of_projection_years
14
#_Number_of_simulations
1000
#_Begin_year_of_projection
2023
#_Number_of_ages
30
#_Natural_Mortality 2 3 4 5 6 7 8 9 10 11 12 13 14 15 16 17 18 19 20 21 22 23 24 25 26 27 28 29 30 31
 0.0983709 0.0983709 0.0983709 0.0983709 0.0983709 0.0983709 0.0983709 0.0983709 0.0983709 0.0983709 0.0983709 0.0983709 0.0983709 0.0983709 0.0983709 0.0983709 0.0983709 0.0983709 0.0983709 0.0983709 0.0983709 0.0983709 0.0983709 0.0983709 0.0983709 0.0983709 0.0983709 0.0983709 0.0983709 0.0983709
#_2001_TAC_or_best_estimate_of_catch_2001
20.2368
#_F_ratio(must_sum_to_one_only_one_fishery)
1
#5year_Average_F(endyr-4,endyr_as_estimated_by_ADmodel)
0.0515224
#_Author_F_as_fraction_F_40%
1
#_Spawn_month
1
#_Wt_at_age_spawners 2 3 4 5 6 7 8 9 10 11 12 13 14 15 16 17 18 19 20 21 22 23 24 25 26 27 28 29 30 31
 1.1289 1.5716 2.0231 2.4639 2.8806 3.2653 3.614 3.9258 4.2014 4.4427 4.6527 4.8342 4.9903 5.1242 5.2385 5.336 5.4188 5.4891 5.5486 5.599 5.6416 5.6775 5.7079 5.7335 5.755 5.7732 5.7885 5.8014 5.8122 5.8455
#_Wt_at_age_fishery 2 3 4 5 6 7 8 9 10 11 12 13 14 15 16 17 18 19 20 21 22 23 24 25 26 27 28 29 30 31
 1.1289 1.5716 2.0231 2.4639 2.8806 3.2653 3.614 3.9258 4.2014 4.4427 4.6527 4.8342 4.9903 5.1242 5.2385 5.336 5.4188 5.4891 5.5486 5.599 5.6416 5.6775 5.7079 5.7335 5.755 5.7732 5.7885 5.8014 5.8122 5.8455
#_Maturity_divided_by_2(projection_program_uses_to_get_female_spawning_biomass_if_divide_by_2 2 3 4 5 6 7 8 9 10 11 12 13 14 15 16 17 18 19 20 21 22 23 24 25 26 27 28 29 30 31
 0.0128299 0.0263292 0.0526045 0.100044 0.175286 0.272883 0.370716 0.445742 0.491134 0.514941 0.522993 0.526985 0.529535 0.532001 0.535035 0.538532 0.541695 0.544566 0.547371 0.550499 0.553259 0.555309 0.557362 0.5597 0.56135 0.561921 0.562901 0.563217 0.563101 0.548313
#_Selectivity_fishery_scaled_to_max_at_one 2 3 4 5 6 7 8 9 10 11 12 13 14 15 16 17 18 19 20 21 22 23 24 25 26 27 28 29 30 31
 0.165743 0.371144 0.55725 0.710367 0.827886 0.911642 0.965337 0.993324 1 0.989493 0.965519 0.931324 0.889684 0.842926 0.792969 0.741371 0.689371 0.637938 0.587812 0.539542 0.493516 0.449994 0.409133 0.371006 0.335621 0.302935 0.272871 0.245323 0.220164 0.19726
#_Numbers_at_age_end_year 2 3 4 5 6 7 8 9 10 11 12 13 14 15 16 17 18 19 20 21 22 23 24 25 26 27 28 29 30 31
 23.8887 50.6578 43.1823 12.5148 41.0948 44.618 9.25138 16.8482 3.9558 2.1868 0.856463 1.85666 1.18646 2.60966 1.31681 0.890127 0.74376 0.45156 0.733247 0.385019 0.627944 1.44605 0.362957 0.379707 0.703932 0.190774 0.371697 0.165867 0.0876555 1.21686
#_N_recruitment_years
43
#_Recruitment_start_at_1977_yearclass=1979_for_age_2_recruits 1979 1980 1981 1982 1983 1984 1985 1986 1987 1988 1989 1990 1991 1992 1993 1994 1995 1996 1997 1998 1999 2000 2001 2002 2003 2004 2005 2006 2007 2008 2009 2010 2011 2012 2013 2014 2015 2016 2017 2018 2019 2020 2021
 47.0745 56.2019 11.4328 37.0249 36.7303 19.5222 15.2376 16.0703 10.5459 7.88717 8.4714 10.9676 15.0077 12.3312 19.3318 7.08071 6.11516 9.98202 19.3303 8.56874 27.2266 12.671 10.435 35.6741 13.2909 7.01477 11.5051 6.092 8.63084 8.8832 11.2595 18.9512 7.25468 9.51276 3.67632 7.93211 12.3608 45.151 21.04 86.3679 68.2082 17.9845 54.3338
