ParName   Value   Gradient
logit_sexRatio     0.307044 -1.85101e-06
log_rec_dev(1932)     -0.06308 -3.74852e-07
log_rec_dev(1933)   -0.0646579 -4.43343e-07
log_rec_dev(1934)   -0.0663817 -3.07966e-07
log_rec_dev(1935)   -0.0682574 -2.45087e-07
log_rec_dev(1936)    -0.070407 -1.76486e-07
log_rec_dev(1937)   -0.0726232 -3.00686e-07
log_rec_dev(1938)   -0.0749411 -1.86534e-07
log_rec_dev(1939)   -0.0772801 -3.79502e-07
log_rec_dev(1940)   -0.0797125 -2.53123e-07
log_rec_dev(1941)   -0.0822017 -2.29318e-07
log_rec_dev(1942)   -0.0848404 -3.57151e-07
log_rec_dev(1943)   -0.0876324 -3.75677e-07
log_rec_dev(1944)    -0.090456 -3.55035e-07
log_rec_dev(1945)   -0.0935016  -1.2846e-07
log_rec_dev(1946)   -0.0967472  1.40809e-08
log_rec_dev(1947)    -0.100061 -4.40063e-08
log_rec_dev(1948)    -0.103217 -1.78097e-07
log_rec_dev(1949)    -0.106578    5.206e-08
log_rec_dev(1950)    -0.110438  2.72136e-07
log_rec_dev(1951)    -0.114423  2.14859e-07
log_rec_dev(1952)     -0.11844  4.33146e-07
log_rec_dev(1953)    -0.122608  6.05627e-07
log_rec_dev(1954)    -0.126385  8.67331e-07
log_rec_dev(1955)    -0.129186  1.07291e-06
log_rec_dev(1956)    -0.132236  1.35564e-06
log_rec_dev(1957)    -0.133979  1.47964e-06
log_rec_dev(1958)    -0.132748  1.61815e-06
log_rec_dev(1959)    -0.127877  1.65029e-06
log_rec_dev(1960)    -0.120931  1.86377e-06
log_rec_dev(1961)    -0.109675  2.08319e-06
log_rec_dev(1962)   -0.0751687  1.86887e-06
log_rec_dev(1963)    0.0648567  1.92228e-06
log_rec_dev(1964)     0.157569  2.24581e-06
log_rec_dev(1965)      0.14292  1.25619e-06
log_rec_dev(1966)    0.0873055  7.20912e-07
log_rec_dev(1967)    0.0623864 -2.14915e-07
log_rec_dev(1968)   -0.0087696 -1.73629e-07
log_rec_dev(1969)    -0.122297 -4.18746e-07
log_rec_dev(1970)    -0.201595  -6.3005e-07
log_rec_dev(1971)    -0.286098 -1.03401e-06
log_rec_dev(1972)    -0.380854 -1.23665e-06
log_rec_dev(1973)    -0.457395  -9.8244e-07
log_rec_dev(1974)    -0.496279 -8.21381e-07
log_rec_dev(1975)     -1.68211 -3.72026e-07
log_rec_dev(1976)     -1.60784 -8.76591e-07
log_rec_dev(1977)     -1.40537 -1.02418e-06
log_rec_dev(1978)     -1.01331 -1.07598e-06
log_rec_dev(1979)      1.02123 -7.51677e-06
log_rec_dev(1980)      1.02222 -3.53492e-06
log_rec_dev(1981)    -0.257786 -5.59736e-07
log_rec_dev(1982)       1.2039 -6.12673e-06
log_rec_dev(1983)      0.94929 -2.10568e-06
log_rec_dev(1984)    -0.621692 -8.16786e-07
log_rec_dev(1985)     0.193873 -1.68584e-06
log_rec_dev(1986)     0.106486 -2.61134e-06
log_rec_dev(1987)     -1.07188 -4.75652e-07
log_rec_dev(1988)    -0.550404 -1.32582e-06
log_rec_dev(1989)    -0.637145 -9.98224e-07
log_rec_dev(1990)    -0.352634 -1.15387e-07
log_rec_dev(1991)     0.408753 -8.34592e-07
log_rec_dev(1992)     0.243872 -1.12782e-06
log_rec_dev(1993)      0.10879 -8.11557e-07
log_rec_dev(1994)   -0.0717171 -1.02314e-06
log_rec_dev(1995)    -0.621578  2.71755e-07
log_rec_dev(1996)    0.0366372  1.24001e-06
log_rec_dev(1997)      0.43363  1.65131e-06
log_rec_dev(1998)    -0.186797  1.56451e-06
log_rec_dev(1999)     0.838036  1.03724e-06
log_rec_dev(2000)     0.171609  5.08009e-07
log_rec_dev(2001)   0.00407808   1.3405e-06
log_rec_dev(2002)      1.14631  5.98026e-06
log_rec_dev(2003)  -0.00727303  6.23773e-07
log_rec_dev(2004)    -0.303743    4.189e-06
log_rec_dev(2005)   -0.0457008  2.21813e-06
log_rec_dev(2006)    -0.437784  3.10068e-06
log_rec_dev(2007)    -0.334779  3.23373e-06
log_rec_dev(2008)    -0.099295  3.70948e-06
log_rec_dev(2009)   -0.0137827  4.84549e-06
log_rec_dev(2010)     0.571154  5.01007e-06
log_rec_dev(2011)     -1.00678  5.42957e-09
log_rec_dev(2012)   -0.0712904 -3.79648e-08
log_rec_dev(2013)     -1.44705 -8.96296e-07
log_rec_dev(2014)   -0.0278837 -9.56126e-07
log_rec_dev(2015)     0.128235 -1.70907e-06
log_rec_dev(2016)      1.65651 -4.42123e-06
log_rec_dev(2017)     0.577848 -8.71749e-07
log_rec_dev(2018)       2.3922 -2.44868e-06
log_rec_dev(2019)      1.66735 -1.68445e-06
log_rec_dev(2020)     0.644597 -1.05802e-06
log_rec_dev(2021)      1.99796 -4.09106e-07
log_rec_dev(2022)     0.825991  5.89329e-07
log_mean_rec      3.14393  1.76479e-05
logm     -2.41037  2.90041e-06
log_avg_F_fish1     -3.23348  2.44242e-05
log_F_devs_fish1(1960)     -2.13988 -1.68358e-07
log_F_devs_fish1(1961)    -0.480178  -6.3217e-07
log_F_devs_fish1(1962)    0.0453254 -4.47368e-07
log_F_devs_fish1(1963)    -0.840316 -5.03574e-07
log_F_devs_fish1(1964)     -1.99647 -1.55568e-07
log_F_devs_fish1(1965)     -3.29623  2.62028e-10
log_F_devs_fish1(1966)     -1.86362  8.70455e-08
log_F_devs_fish1(1967)      -1.8353  1.45315e-07
log_F_devs_fish1(1968)    -0.769226  6.80351e-08
log_F_devs_fish1(1969)    -0.421518  1.18751e-08
log_F_devs_fish1(1970)    0.0066707  1.00858e-07
log_F_devs_fish1(1971)     0.072391 -5.73025e-08
log_F_devs_fish1(1972)     0.369071  8.80301e-08
log_F_devs_fish1(1973)      0.24481 -4.89038e-07
log_F_devs_fish1(1974)     0.413629 -1.53158e-07
log_F_devs_fish1(1975)     0.394258  -4.2797e-07
log_F_devs_fish1(1976)     0.557933 -6.47124e-08
log_F_devs_fish1(1977)       0.3449  -5.5074e-07
log_F_devs_fish1(1978)    -0.317874 -2.48674e-07
log_F_devs_fish1(1979)     -0.13447 -6.11353e-07
log_F_devs_fish1(1980)    -0.316958 -3.52144e-07
log_F_devs_fish1(1981)    -0.198177 -3.37511e-08
log_F_devs_fish1(1982)    -0.364042 -2.24839e-07
log_F_devs_fish1(1983)      -0.3964 -4.15769e-07
log_F_devs_fish1(1984)    -0.448914 -4.80823e-07
log_F_devs_fish1(1985)    -0.280545  3.09254e-07
log_F_devs_fish1(1986)     0.228507  4.57245e-07
log_F_devs_fish1(1987)     0.516192  1.13501e-06
log_F_devs_fish1(1988)     0.650067   1.1717e-06
log_F_devs_fish1(1989)     0.701994  6.47262e-07
log_F_devs_fish1(1990)     0.713119  1.93695e-06
log_F_devs_fish1(1991)     0.673624 -3.70642e-07
log_F_devs_fish1(1992)     0.608504 -1.08942e-07
log_F_devs_fish1(1993)     0.713852  7.02554e-07
log_F_devs_fish1(1994)       0.6437 -8.56543e-08
log_F_devs_fish1(1995)     0.550413  8.49105e-07
log_F_devs_fish1(1996)     0.383758  2.95646e-07
log_F_devs_fish1(1997)     0.270509 -2.35255e-07
log_F_devs_fish1(1998)     0.270322  2.36197e-07
log_F_devs_fish1(1999)     0.207873  4.23759e-07
log_F_devs_fish1(2000)     0.412213  -2.7009e-07
log_F_devs_fish1(2001)     0.249649  5.18646e-07
log_F_devs_fish1(2002)      0.24172  4.66693e-07
log_F_devs_fish1(2003)     0.401428 -1.58161e-07
log_F_devs_fish1(2004)     0.444549  4.65369e-07
log_F_devs_fish1(2005)     0.357754 -2.69931e-07
log_F_devs_fish1(2006)     0.359907 -2.88767e-07
log_F_devs_fish1(2007)     0.411684  1.14217e-07
log_F_devs_fish1(2008)     0.356762  2.04844e-07
log_F_devs_fish1(2009)     0.317011 -1.24555e-07
log_F_devs_fish1(2010)     0.274937  -7.9767e-07
log_F_devs_fish1(2011)     0.427598  1.06821e-08
log_F_devs_fish1(2012)     0.522402 -3.13078e-07
log_F_devs_fish1(2013)     0.517213 -8.31104e-07
log_F_devs_fish1(2014)     0.349027  1.81197e-08
log_F_devs_fish1(2015)     0.330841  9.84884e-07
log_F_devs_fish1(2016)     0.237662  2.53037e-07
log_F_devs_fish1(2017)     0.249657 -7.48068e-08
log_F_devs_fish1(2018)     0.123188 -4.30638e-07
log_F_devs_fish1(2019)  -0.00407644 -2.70834e-07
log_F_devs_fish1(2020)    -0.279201  3.57082e-08
log_F_devs_fish1(2021)   -0.0635499 -4.31426e-07
log_F_devs_fish1(2022)     0.221912 -7.32066e-07
log_F_devs_fish1(2023)    0.0584107 -1.31387e-06
log_avg_F_fish3     -4.32294   4.4699e-05
log_F_devs_fish3(1963)     0.122797  9.17593e-07
log_F_devs_fish3(1964)    -0.323114  1.49897e-06
log_F_devs_fish3(1965)     0.336221  6.70804e-07
log_F_devs_fish3(1966)     0.743917  1.19909e-06
log_F_devs_fish3(1967)      1.00425  2.28542e-07
log_F_devs_fish3(1968)      1.27321  1.24586e-06
log_F_devs_fish3(1969)      1.37812    8.449e-07
log_F_devs_fish3(1970)      1.07023  7.22342e-07
log_F_devs_fish3(1971)      1.43056  4.12272e-07
log_F_devs_fish3(1972)      1.67898   4.6764e-07
log_F_devs_fish3(1973)      1.17476  4.21285e-07
log_F_devs_fish3(1974)      0.82955  2.59511e-07
log_F_devs_fish3(1975)     0.572343  -7.4745e-07
log_F_devs_fish3(1976)     0.601435  1.08979e-07
log_F_devs_fish3(1977)    -0.244822 -6.19054e-07
log_F_devs_fish3(1978)    -0.914125 -9.70347e-07
log_F_devs_fish3(1979)    -0.662824 -4.36803e-07
log_F_devs_fish3(1980)    -0.395058 -2.72097e-07
log_F_devs_fish3(1981)    -0.675688  2.39414e-07
log_F_devs_fish3(1982)    -0.637146 -5.85116e-07
log_F_devs_fish3(1983)    -0.844685 -2.61215e-07
log_F_devs_fish3(1984)   -0.0725547  3.46888e-07
log_F_devs_fish3(1985)     -1.06339 -3.73545e-07
log_F_devs_fish3(1986)     0.484918 -3.63142e-07
log_F_devs_fish3(1987)     0.542107  1.14131e-07
log_F_devs_fish3(1988)     0.777903 -2.01815e-07
log_F_devs_fish3(1989)     0.635294  6.90622e-07
log_F_devs_fish3(1990)     0.269523  3.45265e-08
log_F_devs_fish3(1991)    -0.068752 -8.73629e-08
log_F_devs_fish3(1992)   -0.0645447 -3.02759e-07
log_F_devs_fish3(1993)    -0.150621  3.75519e-08
log_F_devs_fish3(1994)    0.0673054  2.40854e-07
log_F_devs_fish3(1995)   0.00163814 -5.90758e-07
log_F_devs_fish3(1996)    -0.194582  4.60783e-07
log_F_devs_fish3(1997)    -0.472836 -7.26643e-07
log_F_devs_fish3(1998)    -0.538677 -4.71453e-07
log_F_devs_fish3(1999)    -0.246428 -4.27156e-07
log_F_devs_fish3(2000)    -0.194988 -4.68966e-07
log_F_devs_fish3(2001)    -0.361948   6.4241e-08
log_F_devs_fish3(2002)    -0.178518  1.41717e-08
log_F_devs_fish3(2003)    -0.270673  2.77635e-07
log_F_devs_fish3(2004)    -0.499269 -3.91067e-08
log_F_devs_fish3(2005)    -0.593064 -7.84846e-07
log_F_devs_fish3(2006)    -0.790058 -1.19947e-07
log_F_devs_fish3(2007)    -0.786622  2.30898e-07
log_F_devs_fish3(2008)    -0.855317  1.24764e-07
log_F_devs_fish3(2009)    -0.856664  -8.2364e-07
log_F_devs_fish3(2010)    -0.866194  5.61387e-08
log_F_devs_fish3(2011)    -0.626941 -3.33985e-07
log_F_devs_fish3(2012)    -0.629951 -2.82879e-07
log_F_devs_fish3(2013)     -0.68091  -4.4692e-07
log_F_devs_fish3(2014)    -0.683723 -2.42965e-07
log_F_devs_fish3(2015)    -0.609801 -2.71214e-07
log_F_devs_fish3(2016)    -0.382263  -1.7052e-08
log_F_devs_fish3(2017)    0.0735975 -4.87355e-08
log_F_devs_fish3(2018)     0.454067   7.8437e-07
log_F_devs_fish3(2019)     0.557475  3.69002e-07
log_F_devs_fish3(2020)     0.722203  3.79429e-07
log_F_devs_fish3(2021)     0.134243  -3.9361e-07
log_F_devs_fish3(2022)     0.180686 -1.22209e-06
log_F_devs_fish3(2023)     0.319412 -9.99487e-07
log_q_srv1      1.81039 -1.78174e-05
log_q_srv2      1.58236 -7.47974e-06
log_q_srv6      1.36427  1.80552e-06
log_q_srv7    -0.244243  1.82818e-06
log_q_srv8     -6.70222  7.72531e-06
log_q_LL_fish_recent     -7.28118 -2.69386e-06
log_a50_fish3_f      2.21494  2.30481e-06
log_delta_fish3_f      2.17399  1.20885e-05
log_a50_fish3_m      2.23543 -8.21303e-07
log_a50_fish4_f     0.966466  4.02745e-07
log_delta_fish4_f      1.68065  2.90355e-07
log_a50_fish4_m      1.07737  3.92756e-07
log_delta_fish4_m      0.75049  1.80147e-06
log_a50_fish5_f     0.753422  6.20511e-07
log_delta_fish5_f      1.27835   1.1861e-07
log_a50_fish5_m     0.865991  7.64319e-08
log_delta_fish5_m     0.664155  3.44421e-07
log_a50_srv1_f     0.830812 -1.36901e-06
log_delta_srv1_f      1.15105  5.52193e-07
log_a50_srv1_m     0.868282 -4.79882e-07
log_delta_srv1_m     0.610832  6.16997e-07
log_a50_srv7_f    -0.800362  7.71729e-07
log_a50_srv7_m     -1.58882 -5.94894e-07
log_a50_srv10_f     0.646751  3.90266e-07
log_delta_srv10_f      1.04058 -9.87847e-07
log_a50_srv10_m     0.629574  3.17369e-07
log_delta_srv10_m      0.96162  -3.0245e-07
