#_Random_number_seed
1234
#_Number_of_fisheries
1
#_Number_of_projection_years
14
#_Number_of_simulations
1000
#_Begin_year_of_projection
2023
#_Number_of_ages
30
#_Natural_Mortality 2 3 4 5 6 7 8 9 10 11 12 13 14 15 16 17 18 19 20 21 22 23 24 25 26 27 28 29 30 31
 0.0897823 0.0897823 0.0897823 0.0897823 0.0897823 0.0897823 0.0897823 0.0897823 0.0897823 0.0897823 0.0897823 0.0897823 0.0897823 0.0897823 0.0897823 0.0897823 0.0897823 0.0897823 0.0897823 0.0897823 0.0897823 0.0897823 0.0897823 0.0897823 0.0897823 0.0897823 0.0897823 0.0897823 0.0897823 0.0897823
#_2001_TAC_or_best_estimate_of_catch_2001
20.2368
#_F_ratio(must_sum_to_one_only_one_fishery)
1
#5year_Average_F(endyr-4,endyr_as_estimated_by_ADmodel)
0.039415
#_Author_F_as_fraction_F_40%
1
#_Spawn_month
1
#_Wt_at_age_spawners 2 3 4 5 6 7 8 9 10 11 12 13 14 15 16 17 18 19 20 21 22 23 24 25 26 27 28 29 30 31
 0.979681 1.35981 1.7248 2.08066 2.38678 2.58298 2.74396 2.92733 3.09734 3.26175 3.47748 3.7514 4.03427 4.27703 4.45514 4.5912 4.72203 4.86714 5.02061 5.14451 5.23423 5.31703 5.41025 5.51803 5.63587 5.75532 5.91232 6.11815 6.32721 6.49494
#_Wt_at_age_fishery 2 3 4 5 6 7 8 9 10 11 12 13 14 15 16 17 18 19 20 21 22 23 24 25 26 27 28 29 30 31
 0.979681 1.35981 1.7248 2.08066 2.38678 2.58298 2.74396 2.92733 3.09734 3.26175 3.47748 3.7514 4.03427 4.27703 4.45514 4.5912 4.72203 4.86714 5.02061 5.14451 5.23423 5.31703 5.41025 5.51803 5.63587 5.75532 5.91232 6.11815 6.32721 6.49494
#_Maturity_divided_by_2(projection_program_uses_to_get_female_spawning_biomass_if_divide_by_2 2 3 4 5 6 7 8 9 10 11 12 13 14 15 16 17 18 19 20 21 22 23 24 25 26 27 28 29 30 31
 0.0128919 0.0264396 0.0527315 0.100051 0.175779 0.274563 0.373986 0.451104 0.498968 0.526774 0.536852 0.541186 0.541488 0.540564 0.539526 0.538705 0.536837 0.534621 0.532107 0.530147 0.528138 0.525414 0.523123 0.521752 0.519867 0.516677 0.51529 0.513075 0.510998 0.489909
#_Selectivity_fishery_scaled_to_max_at_one 2 3 4 5 6 7 8 9 10 11 12 13 14 15 16 17 18 19 20 21 22 23 24 25 26 27 28 29 30 31
 0.017346 0.390272 0.958694 0.998813 0.999967 0.999999 1 1 1 1 1 1 1 1 1 1 1 1 1 1 1 1 1 1 1 1 1 1 1 1
#_Numbers_at_age_end_year 2 3 4 5 6 7 8 9 10 11 12 13 14 15 16 17 18 19 20 21 22 23 24 25 26 27 28 29 30 31
 23.1948 48.4467 39.836 10.7904 31.4245 67.7757 9.56264 24.2172 4.52058 3.37572 0.70718 2.40837 0.808236 3.34788 1.60395 1.27679 0.876485 0.686396 0.880351 0.590161 0.68894 1.88859 0.521521 0.536482 0.909688 0.28289 0.458091 0.268229 0.120791 1.78423
#_N_recruitment_years
43
#_Recruitment_start_at_1977_yearclass=1979_for_age_2_recruits 1979 1980 1981 1982 1983 1984 1985 1986 1987 1988 1989 1990 1991 1992 1993 1994 1995 1996 1997 1998 1999 2000 2001 2002 2003 2004 2005 2006 2007 2008 2009 2010 2011 2012 2013 2014 2015 2016 2017 2018 2019 2020 2021
 64.4031 31.3791 9.37589 43.4596 36.2057 8.08682 19.6446 19.3446 6.39839 11.5828 11.4133 7.93508 16.9909 14.4082 12.5877 10.5088 6.06387 11.7114 17.4189 9.36642 26.1007 13.4038 11.3362 35.5249 11.2083 8.33268 10.7858 7.28738 8.07804 10.2229 11.1356 19.987 4.12532 10.5133 2.65615 10.9797 12.8348 59.1713 20.1212 123.486 49.9626 15.0071 48.5155
