#Species name here:
GOA_SABLE
#SSL Species?
0
#Constant buffer of Dorn?
0
#Number of fisheries?
2
#Number of sexes?
2
#5year_Average_F(endyr-4,endyr_as_estimated_by_ADmodel)
0.059368
#_Author_F_as_fraction_F_40%
1
#ABC SPR
0.4
#MSY SPR
0.35
#_Spawn_month
1
#_Number_of_ages
30
#_F_ratio(must_sum_to_one_only_one_fishery)
0.696029 0.303971
#_Natural_Mortality 2 3 4 5 6 7 8 9 10 11 12 13 14 15 16 17 18 19 20 21 22 23 24 25 26 27 28 29 30 31
 0.0897823 0.0897823 0.0897823 0.0897823 0.0897823 0.0897823 0.0897823 0.0897823 0.0897823 0.0897823 0.0897823 0.0897823 0.0897823 0.0897823 0.0897823 0.0897823 0.0897823 0.0897823 0.0897823 0.0897823 0.0897823 0.0897823 0.0897823 0.0897823 0.0897823 0.0897823 0.0897823 0.0897823 0.0897823 0.0897823
#_Natural_Mortality 2 3 4 5 6 7 8 9 10 11 12 13 14 15 16 17 18 19 20 21 22 23 24 25 26 27 28 29 30 31
 0.0897823 0.0897823 0.0897823 0.0897823 0.0897823 0.0897823 0.0897823 0.0897823 0.0897823 0.0897823 0.0897823 0.0897823 0.0897823 0.0897823 0.0897823 0.0897823 0.0897823 0.0897823 0.0897823 0.0897823 0.0897823 0.0897823 0.0897823 0.0897823 0.0897823 0.0897823 0.0897823 0.0897823 0.0897823 0.0897823
#_Maturity_divided_by_2(projection_program_uses_to_get_female_spawning_biomass_if_divide_by_2 2 3 4 5 6 7 8 9 10 11 12 13 14 15 16 17 18 19 20 21 22 23 24 25 26 27 28 29 30 31
 0.0223754 0.0460186 0.0922865 0.176468 0.311118 0.48767 0.667353 0.808734 0.89911 0.949451 0.975362 0.988157 0.994346 0.997309 0.998721 0.999393 0.999712 0.999863 0.999935 0.999969 0.999985 0.999993 0.999997 0.999998 0.999999 1 1 1 1 1
#_Wt_at_age_spawners 2 3 4 5 6 7 8 9 10 11 12 13 14 15 16 17 18 19 20 21 22 23 24 25 26 27 28 29 30 31
 0.979681 1.35981 1.7248 2.08066 2.38678 2.58298 2.74396 2.92733 3.09734 3.26175 3.47748 3.7514 4.03427 4.27703 4.45514 4.5912 4.72203 4.86714 5.02061 5.14451 5.23423 5.31703 5.41025 5.51803 5.63587 5.75532 5.91232 6.11815 6.32721 6.49494
#_Wt_at_age_fishery1 female 2 3 4 5 6 7 8 9 10 11 12 13 14 15 16 17 18 19 20 21 22 23 24 25 26 27 28 29 30 31
 0.979681 1.35981 1.7248 2.08066 2.38678 2.58298 2.74396 2.92733 3.09734 3.26175 3.47748 3.7514 4.03427 4.27703 4.45514 4.5912 4.72203 4.86714 5.02061 5.14451 5.23423 5.31703 5.41025 5.51803 5.63587 5.75532 5.91232 6.11815 6.32721 6.49494
#_Wt_at_age_fishery2 female 2 3 4 5 6 7 8 9 10 11 12 13 14 15 16 17 18 19 20 21 22 23 24 25 26 27 28 29 30 31
 0.979681 1.35981 1.7248 2.08066 2.38678 2.58298 2.74396 2.92733 3.09734 3.26175 3.47748 3.7514 4.03427 4.27703 4.45514 4.5912 4.72203 4.86714 5.02061 5.14451 5.23423 5.31703 5.41025 5.51803 5.63587 5.75532 5.91232 6.11815 6.32721 6.49494
#_Wt_at_age_spawners1 male 2 3 4 5 6 7 8 9 10 11 12 13 14 15 16 17 18 19 20 21 22 23 24 25 26 27 28 29 30 31
 0.924273 1.2497 1.5508 1.77137 1.91957 2.0139 2.11101 2.1914 2.23775 2.33037 2.43258 2.53152 2.61109 2.68387 2.76082 2.82303 2.88051 2.93548 2.99635 3.04911 3.09899 3.13726 3.17 3.19483 3.21404 3.22655 3.23387 3.2375 3.24349 3.26
#_Wt_at_age_fishery2 male 2 3 4 5 6 7 8 9 10 11 12 13 14 15 16 17 18 19 20 21 22 23 24 25 26 27 28 29 30 31
 0.924273 1.2497 1.5508 1.77137 1.91957 2.0139 2.11101 2.1914 2.23775 2.33037 2.43258 2.53152 2.61109 2.68387 2.76082 2.82303 2.88051 2.93548 2.99635 3.04911 3.09899 3.13726 3.17 3.19483 3.21404 3.22655 3.23387 3.2375 3.24349 3.26
#_Selectivity_fishery_scaled_to_max_at_one 2 3 4 5 6 7 8 9 10 11 12 13 14 15 16 17 18 19 20 21 22 23 24 25 26 27 28 29 30 31
 0.017346 0.390272 0.958694 0.998813 0.999967 0.999999 1 1 1 1 1 1 1 1 1 1 1 1 1 1 1 1 1 1 1 1 1 1 1 1
 0.102934 0.280618 0.466777 0.634245 0.771382 0.874653 0.944912 0.9853 1 0.993496 0.970145 0.933937 0.888385 0.836485 0.780729 0.723136 0.665305 0.608466 0.553537 0.501173 0.451816 0.405736 0.363063 0.323824 0.287965 0.255374 0.225897 0.199351 0.17554 0.154258
#_Selectivity_fishery_scaled_to_max_at_one 2 3 4 5 6 7 8 9 10 11 12 13 14 15 16 17 18 19 20 21 22 23 24 25 26 27 28 29 30 31
 0.0644044 0.324503 0.770245 0.959009 0.993912 0.999123 0.999874 0.999982 0.999997 1 1 1 1 1 1 1 1 1 1 1 1 1 1 1 1 1 1 1 1 1
 0.0930787 0.262654 0.445468 0.613371 0.753405 0.860913 0.935921 0.981005 1 0.997197 0.976872 0.94301 0.899164 0.8484 0.793287 0.735931 0.67801 0.620827 0.565365 0.512337 0.462231 0.415353 0.371865 0.331818 0.295175 0.261835 0.231653 0.204453 0.18004 0.158208
#_Numbers_at_age_end_year 2 3 4 5 6 7 8 9 10 11 12 13 14 15 16 17 18 19 20 21 22 23 24 25 26 27 28 29 30 31
 13.364 27.8347 22.7619 6.11775 17.7545 38.1584 5.35892 13.5081 2.50873 1.87291 0.389241 1.319 0.440139 1.81463 0.866481 0.688229 0.470665 0.367012 0.468471 0.312882 0.363861 0.992297 0.272821 0.279911 0.472917 0.146163 0.23605 0.137622 0.0617239 0.874111
 9.8308 20.6121 17.0742 4.67264 13.6699 29.6173 4.20371 10.7091 2.01185 1.5028 0.317938 1.08937 0.368097 1.53325 0.737469 0.588557 0.405819 0.319384 0.41188 0.277279 0.32508 0.89629 0.248701 0.256571 0.436771 0.136727 0.222041 0.130608 0.0590669 0.91012
#_N_recruitment_years
43
#_Recruitment_start_at_1977_yearclass=1979_for_age_2_recruits 1979 1980 1981 1982 1983 1984 1985 1986 1987 1988 1989 1990 1991 1992 1993 1994 1995 1996 1997 1998 1999 2000 2001 2002 2003 2004 2005 2006 2007 2008 2009 2010 2011 2012 2013 2014 2015 2016 2017 2018 2019 2020 2021
 64.4031 31.3791 9.37589 43.4596 36.2057 8.08682 19.6446 19.3446 6.39839 11.5828 11.4133 7.93508 16.9909 14.4082 12.5877 10.5088 6.06387 11.7114 17.4189 9.36642 26.1007 13.4038 11.3362 35.5249 11.2083 8.33268 10.7858 7.28738 8.07804 10.2229 11.1356 19.987 4.12532 10.5133 2.65615 10.9797 12.8348 59.1713 20.1212 123.486 49.9626 15.0071 48.5155
#_Spawners per recruitment (starting at 1977)
 201.86 190.88 185.654 178.908 174.014 172.32 176.807 187.168 200.398 214.054 218.68 216.21 207.604 195.943 183.432 171.338 160.366 149.155 139.765 136.081 135.21 133.083 132.147 126.702 125.457 126.559 126.216 127.367 128.848 129.091 130.719 132.256 127.501 124.821 116.651 111.231 108.301 107.211 105.634 102.384 103.966 104.542
