#_Random_number_seed
1234
#_Number_of_fisheries
1
#_Number_of_projection_years
14
#_Number_of_simulations
1000
#_Begin_year_of_projection
2023
#_Number_of_ages
30
#_Natural_Mortality 2 3 4 5 6 7 8 9 10 11 12 13 14 15 16 17 18 19 20 21 22 23 24 25 26 27 28 29 30 31
 0.104469 0.104469 0.104469 0.104469 0.104469 0.104469 0.104469 0.104469 0.104469 0.104469 0.104469 0.104469 0.104469 0.104469 0.104469 0.104469 0.104469 0.104469 0.104469 0.104469 0.104469 0.104469 0.104469 0.104469 0.104469 0.104469 0.104469 0.104469 0.104469 0.104469
#_2001_TAC_or_best_estimate_of_catch_2001
20.2368
#_F_ratio(must_sum_to_one_only_one_fishery)
1
#5year_Average_F(endyr-4,endyr_as_estimated_by_ADmodel)
0.0409903
#_Author_F_as_fraction_F_40%
1
#_Spawn_month
1
#_Wt_at_age_spawners 2 3 4 5 6 7 8 9 10 11 12 13 14 15 16 17 18 19 20 21 22 23 24 25 26 27 28 29 30 31
 1.1289 1.5716 2.0231 2.4639 2.8806 3.2653 3.614 3.9258 4.2014 4.4427 4.6527 4.8342 4.9903 5.1242 5.2385 5.336 5.4188 5.4891 5.5486 5.599 5.6416 5.6775 5.7079 5.7335 5.755 5.7732 5.7885 5.8014 5.8122 5.8455
#_Wt_at_age_fishery 2 3 4 5 6 7 8 9 10 11 12 13 14 15 16 17 18 19 20 21 22 23 24 25 26 27 28 29 30 31
 1.1289 1.5716 2.0231 2.4639 2.8806 3.2653 3.614 3.9258 4.2014 4.4427 4.6527 4.8342 4.9903 5.1242 5.2385 5.336 5.4188 5.4891 5.5486 5.599 5.6416 5.6775 5.7079 5.7335 5.755 5.7732 5.7885 5.8014 5.8122 5.8455
#_Maturity_divided_by_2(projection_program_uses_to_get_female_spawning_biomass_if_divide_by_2 2 3 4 5 6 7 8 9 10 11 12 13 14 15 16 17 18 19 20 21 22 23 24 25 26 27 28 29 30 31
 0.0111877 0.022923 0.0455707 0.0864018 0.151409 0.235757 0.320567 0.386614 0.42831 0.45403 0.467787 0.473204 0.476086 0.477544 0.478389 0.47896 0.479166 0.478817 0.478038 0.477021 0.475841 0.474159 0.472169 0.470425 0.468784 0.466952 0.465217 0.463811 0.462269 0.43967
#_Selectivity_fishery_scaled_to_max_at_one 2 3 4 5 6 7 8 9 10 11 12 13 14 15 16 17 18 19 20 21 22 23 24 25 26 27 28 29 30 31
 0.0178711 0.534204 0.986354 0.999781 0.999997 1 1 1 1 1 1 1 1 1 1 1 1 1 1 1 1 1 1 1 1 1 1 1 1 1
#_Numbers_at_age_end_year 2 3 4 5 6 7 8 9 10 11 12 13 14 15 16 17 18 19 20 21 22 23 24 25 26 27 28 29 30 31
 25.5054 43.7052 53.0003 6.49188 38.8069 47.7836 9.37095 17.2449 3.81018 1.61898 0.84317 1.79899 1.23174 2.47951 1.41732 0.959173 0.775133 0.478418 0.655556 0.439009 0.493158 1.34079 0.364116 0.287171 0.643042 0.1198 0.278784 0.139296 0.0674641 0.750374
#_N_recruitment_years
43
#_Recruitment_start_at_1977_yearclass=1979_for_age_2_recruits 1979 1980 1981 1982 1983 1984 1985 1986 1987 1988 1989 1990 1991 1992 1993 1994 1995 1996 1997 1998 1999 2000 2001 2002 2003 2004 2005 2006 2007 2008 2009 2010 2011 2012 2013 2014 2015 2016 2017 2018 2019 2020 2021
 59.5342 24.9453 13.6501 54.3566 31.5177 35.3193 12.0009 23.2513 12.6073 5.37569 7.6097 10.6689 16.4568 7.11561 18.3916 5.66903 6.81509 11.8575 19.9816 7.20297 32.4021 12.1146 12.809 39.2451 12.0543 9.0039 11.2986 6.94408 9.5053 9.94516 12.3766 18.1424 7.54615 9.2785 3.71094 6.24108 12.7156 48.5985 22.2724 96.261 66.8085 9.58394 67.0794
