ParName   Value   Gradient
log_rec_dev(1932)   -0.0432654 -1.79391e-06
log_rec_dev(1933)   -0.0445495  9.40246e-07
log_rec_dev(1934)    -0.045965  3.53052e-06
log_rec_dev(1935)   -0.0475244  1.14878e-06
log_rec_dev(1936)   -0.0491685  1.94551e-06
log_rec_dev(1937)   -0.0509799  3.04624e-06
log_rec_dev(1938)   -0.0529892  1.04827e-06
log_rec_dev(1939)   -0.0551974  4.01747e-06
log_rec_dev(1940)   -0.0575777  3.95294e-06
log_rec_dev(1941)   -0.0601676  2.46873e-06
log_rec_dev(1942)   -0.0629993  -9.1939e-07
log_rec_dev(1943)   -0.0660443 -1.17091e-06
log_rec_dev(1944)   -0.0693267  1.00876e-06
log_rec_dev(1945)    -0.072859  6.54456e-06
log_rec_dev(1946)   -0.0766352  7.35628e-07
log_rec_dev(1947)   -0.0806247  5.30685e-06
log_rec_dev(1948)   -0.0848103  2.42762e-07
log_rec_dev(1949)   -0.0891445  4.13347e-06
log_rec_dev(1950)   -0.0935231  4.65598e-06
log_rec_dev(1951)   -0.0978893  4.40403e-06
log_rec_dev(1952)    -0.102156  6.65549e-06
log_rec_dev(1953)    -0.106929  4.60226e-06
log_rec_dev(1954)    -0.111311  2.78717e-06
log_rec_dev(1955)     -0.11485  8.41942e-06
log_rec_dev(1956)    -0.117066  4.30485e-06
log_rec_dev(1957)    -0.117679   7.8569e-06
log_rec_dev(1958)    -0.115211  8.13944e-06
log_rec_dev(1959)    -0.109061  8.43399e-06
log_rec_dev(1960)   -0.0989102  1.22528e-05
log_rec_dev(1961)   -0.0797054  1.03584e-05
log_rec_dev(1962)   -0.0113211  8.92922e-06
log_rec_dev(1963)     0.137629  1.22923e-05
log_rec_dev(1964)     0.242684  1.11071e-05
log_rec_dev(1965)     0.230733  1.05686e-05
log_rec_dev(1966)     0.184273  1.16888e-05
log_rec_dev(1967)     0.150939  1.30973e-05
log_rec_dev(1968)    0.0684714  1.26345e-05
log_rec_dev(1969)   -0.0424447  8.07399e-06
log_rec_dev(1970)    -0.135586  1.07614e-05
log_rec_dev(1971)    -0.236195   1.1014e-05
log_rec_dev(1972)    -0.350338  9.95345e-06
log_rec_dev(1973)    -0.455202  8.56466e-06
log_rec_dev(1974)    -0.533459  9.08885e-06
log_rec_dev(1975)     -1.77503  3.81544e-06
log_rec_dev(1976)     -1.75665  3.30296e-06
log_rec_dev(1977)     -1.59875  3.69841e-06
log_rec_dev(1978)     -1.19716  7.20732e-06
log_rec_dev(1979)     0.679194  3.00564e-05
log_rec_dev(1980)      1.56712  3.38923e-05
log_rec_dev(1981)   -0.0778972  6.93332e-06
log_rec_dev(1982)      1.01833  1.55678e-05
log_rec_dev(1983)     0.917015  9.64964e-06
log_rec_dev(1984)     0.231562  3.69779e-06
log_rec_dev(1985)    -0.102353   2.9653e-06
log_rec_dev(1986)    -0.124217  1.35534e-06
log_rec_dev(1987)    -0.591039  1.22133e-07
log_rec_dev(1988)    -0.968537  1.40549e-06
log_rec_dev(1989)    -0.929946  8.79287e-07
log_rec_dev(1990)   -0.0231658   2.9714e-06
log_rec_dev(1991)     0.221946  3.89935e-06
log_rec_dev(1992)     0.101633 -7.86169e-07
log_rec_dev(1993)     0.514417  -1.5541e-05
log_rec_dev(1994)    -0.464231 -1.54066e-05
log_rec_dev(1995)    -0.645138 -8.73101e-06
log_rec_dev(1996)    -0.139584 -2.25462e-05
log_rec_dev(1997)     0.493899  -3.5546e-05
log_rec_dev(1998)    -0.285738 -1.17377e-05
log_rec_dev(1999)     0.857222 -5.01808e-05
log_rec_dev(2000)    0.0636947  -3.0407e-05
log_rec_dev(2001)   -0.0754288 -1.95883e-05
log_rec_dev(2002)      1.11076 -8.96915e-05
log_rec_dev(2003)     0.130032 -2.54642e-05
log_rec_dev(2004)    -0.510052 -1.13218e-05
log_rec_dev(2005)   -0.0144616 -1.84024e-05
log_rec_dev(2006)    -0.638647 -4.83168e-06
log_rec_dev(2007)    -0.281625 -3.70941e-06
log_rec_dev(2008)    -0.251051 -5.75649e-06
log_rec_dev(2009)   -0.0713373 -6.38425e-06
log_rec_dev(2010)     0.517065 -5.90733e-06
log_rec_dev(2011)    -0.480863  1.85007e-06
log_rec_dev(2012)    -0.208921  1.25721e-06
log_rec_dev(2013)     -1.12365  5.08983e-07
log_rec_dev(2014)    -0.434077 -1.24385e-06
log_rec_dev(2015)    0.0420606 -3.18075e-06
log_rec_dev(2016)      1.33226 -5.68706e-06
log_rec_dev(2017)     0.637267 -9.18524e-06
log_rec_dev(2018)      1.95929  1.05163e-05
log_rec_dev(2019)      1.95704 -1.14461e-05
log_rec_dev(2020)     0.628627 -2.92249e-06
log_rec_dev(2021)      2.05301   3.0414e-06
log_rec_dev(2022)     0.860035   7.0453e-07
log_mean_rec      3.23454 -8.63643e-05
logm     -2.27554  1.52447e-05
log_avg_F_fish1      -3.1514 -2.89193e-05
log_F_devs_fish1(1960)     -2.14088 -2.95523e-07
log_F_devs_fish1(1961)    -0.480875 -4.75163e-06
log_F_devs_fish1(1962)    0.0458141  3.56795e-06
log_F_devs_fish1(1963)    -0.839549   2.3948e-06
log_F_devs_fish1(1964)     -1.99904  1.11844e-06
log_F_devs_fish1(1965)     -3.30479  5.03875e-07
log_F_devs_fish1(1966)     -1.88007   1.5688e-06
log_F_devs_fish1(1967)      -1.8603  1.05928e-06
log_F_devs_fish1(1968)    -0.802854 -5.44412e-06
log_F_devs_fish1(1969)    -0.462111  2.62399e-06
log_F_devs_fish1(1970)   -0.0396805   1.1815e-06
log_F_devs_fish1(1971)    0.0217075  4.33988e-06
log_F_devs_fish1(1972)     0.314765 -8.66826e-06
log_F_devs_fish1(1973)     0.190261  2.74969e-06
log_F_devs_fish1(1974)     0.359372 -4.15247e-06
log_F_devs_fish1(1975)     0.343574  9.28178e-07
log_F_devs_fish1(1976)     0.515334 -3.13018e-06
log_F_devs_fish1(1977)     0.311129 -3.48671e-06
log_F_devs_fish1(1978)    -0.337678 -8.67957e-07
log_F_devs_fish1(1979)    -0.140839  -3.0208e-06
log_F_devs_fish1(1980)    -0.317826 -2.52458e-06
log_F_devs_fish1(1981)    -0.145721 -5.60276e-07
log_F_devs_fish1(1982)     -0.35988  4.98061e-07
log_F_devs_fish1(1983)    -0.444949  1.64841e-06
log_F_devs_fish1(1984)    -0.487691  1.31666e-06
log_F_devs_fish1(1985)    -0.317674  2.29146e-08
log_F_devs_fish1(1986)     0.162905 -8.89491e-07
log_F_devs_fish1(1987)     0.447523  3.15271e-06
log_F_devs_fish1(1988)     0.591518  2.70504e-06
log_F_devs_fish1(1989)     0.642537  1.85799e-07
log_F_devs_fish1(1990)     0.663454 -1.94189e-06
log_F_devs_fish1(1991)     0.635575  -1.3243e-06
log_F_devs_fish1(1992)     0.570549 -2.70617e-06
log_F_devs_fish1(1993)     0.685343 -9.00554e-07
log_F_devs_fish1(1994)     0.627324  3.58313e-06
log_F_devs_fish1(1995)     0.524635  1.63359e-06
log_F_devs_fish1(1996)     0.416236   1.0574e-07
log_F_devs_fish1(1997)     0.342309  3.03461e-06
log_F_devs_fish1(1998)     0.351661  4.44004e-06
log_F_devs_fish1(1999)     0.304463  2.17199e-06
log_F_devs_fish1(2000)     0.470171  2.09989e-06
log_F_devs_fish1(2001)     0.348662  1.73153e-06
log_F_devs_fish1(2002)     0.358971 -2.21353e-06
log_F_devs_fish1(2003)     0.493699  5.73906e-06
log_F_devs_fish1(2004)     0.525073  4.39206e-06
log_F_devs_fish1(2005)     0.438733 -3.44599e-07
log_F_devs_fish1(2006)       0.4186 -2.04056e-07
log_F_devs_fish1(2007)      0.48171 -6.81515e-07
log_F_devs_fish1(2008)     0.438478 -7.91981e-07
log_F_devs_fish1(2009)     0.380321 -3.69107e-06
log_F_devs_fish1(2010)     0.330825  3.36966e-06
log_F_devs_fish1(2011)     0.433931 -1.66385e-06
log_F_devs_fish1(2012)     0.504254  8.20068e-07
log_F_devs_fish1(2013)     0.506437  2.33761e-06
log_F_devs_fish1(2014)     0.367629 -3.59794e-06
log_F_devs_fish1(2015)     0.363831  1.59015e-06
log_F_devs_fish1(2016)     0.232006  9.91022e-07
log_F_devs_fish1(2017)     0.254319  -1.3169e-06
log_F_devs_fish1(2018)     0.147884  4.33942e-07
log_F_devs_fish1(2019)  -0.00706344  2.61268e-06
log_F_devs_fish1(2020)    -0.232054 -4.54516e-06
log_F_devs_fish1(2021)   -0.0285433 -3.28616e-07
log_F_devs_fish1(2022)     0.124872  8.37468e-07
log_F_devs_fish1(2023)   -0.0583262  -1.5842e-06
log_avg_F_fish3     -4.30717  0.000109421
log_F_devs_fish3(1963)     0.143078  5.66405e-07
log_F_devs_fish3(1964)    -0.312532  1.14454e-06
log_F_devs_fish3(1965)     0.333517  2.17293e-06
log_F_devs_fish3(1966)     0.727368  1.44985e-06
log_F_devs_fish3(1967)     0.974926  2.42924e-06
log_F_devs_fish3(1968)       1.2333  9.16517e-07
log_F_devs_fish3(1969)      1.33082  9.27099e-07
log_F_devs_fish3(1970)      1.01927  1.23341e-06
log_F_devs_fish3(1971)      1.37776  1.42525e-07
log_F_devs_fish3(1972)       1.6268  1.10748e-06
log_F_devs_fish3(1973)      1.12722  1.26196e-06
log_F_devs_fish3(1974)     0.788639 -1.06087e-08
log_F_devs_fish3(1975)     0.543683   5.1293e-07
log_F_devs_fish3(1976)     0.591791  4.38609e-07
log_F_devs_fish3(1977)    -0.230264 -5.37224e-07
log_F_devs_fish3(1978)    -0.875267  5.44583e-07
log_F_devs_fish3(1979)    -0.618086  -1.4526e-06
log_F_devs_fish3(1980)    -0.380137  3.49404e-06
log_F_devs_fish3(1981)    -0.695039  8.88947e-07
log_F_devs_fish3(1982)    -0.686638  2.79609e-06
log_F_devs_fish3(1983)    -0.917855  1.71637e-06
log_F_devs_fish3(1984)    -0.156576  2.97088e-06
log_F_devs_fish3(1985)     -1.14718  1.96739e-06
log_F_devs_fish3(1986)     0.410198 -2.27707e-06
log_F_devs_fish3(1987)      0.48061 -5.59488e-07
log_F_devs_fish3(1988)     0.733425 -1.22248e-06
log_F_devs_fish3(1989)     0.614962  1.39628e-06
log_F_devs_fish3(1990)     0.274064  -1.2175e-06
log_F_devs_fish3(1991)   -0.0455262  -2.2475e-06
log_F_devs_fish3(1992)   -0.0284004 -1.90001e-06
log_F_devs_fish3(1993)    -0.110011 -6.64032e-07
log_F_devs_fish3(1994)     0.106222 -4.80906e-07
log_F_devs_fish3(1995)    0.0410312  2.40028e-07
log_F_devs_fish3(1996)   -0.0809386 -5.33006e-07
log_F_devs_fish3(1997)    -0.332754   3.0619e-08
log_F_devs_fish3(1998)    -0.400603 -1.93852e-06
log_F_devs_fish3(1999)    -0.116008  -1.9167e-06
log_F_devs_fish3(2000)    -0.116512 -1.01605e-06
log_F_devs_fish3(2001)    -0.262925 -1.16183e-06
log_F_devs_fish3(2002)    -0.076774 -1.56064e-06
log_F_devs_fish3(2003)    -0.210436 -3.73754e-06
log_F_devs_fish3(2004)    -0.462705 -6.20482e-07
log_F_devs_fish3(2005)    -0.538424 -9.18251e-07
log_F_devs_fish3(2006)    -0.750065  4.77741e-06
log_F_devs_fish3(2007)    -0.727933 -5.37922e-06
log_F_devs_fish3(2008)    -0.777921 -1.87915e-06
log_F_devs_fish3(2009)    -0.790512 -3.64129e-07
log_F_devs_fish3(2010)    -0.810093 -4.72296e-07
log_F_devs_fish3(2011)    -0.626073  9.16499e-07
log_F_devs_fish3(2012)    -0.666263  2.82067e-07
log_F_devs_fish3(2013)    -0.691959 -1.16772e-06
log_F_devs_fish3(2014)    -0.659826 -1.03364e-06
log_F_devs_fish3(2015)    -0.560339 -2.30816e-07
log_F_devs_fish3(2016)    -0.378794 -2.22157e-06
log_F_devs_fish3(2017)    0.0765433 -1.92621e-06
log_F_devs_fish3(2018)     0.413925  6.73127e-07
log_F_devs_fish3(2019)     0.480141  4.40528e-07
log_F_devs_fish3(2020)     0.635878 -2.61032e-06
log_F_devs_fish3(2021)    0.0268466  3.70073e-08
log_F_devs_fish3(2022)   -0.0106491 -3.42636e-08
log_F_devs_fish3(2023)     0.140004 -3.63212e-07
log_q_srv1       1.9359 -0.000120001
log_q_srv2      1.64195  4.52219e-05
log_q_srv6      1.42665  4.63635e-06
log_q_srv7    -0.163427  5.37047e-06
log_q_srv8     -6.56981   -7.516e-05
log_q_LL_fish_recent     -7.20943 -9.59209e-06
log_a50_fish3_f      2.08377 -8.43056e-06
log_delta_fish3_f       2.0785   2.2922e-05
log_a50_fish3_m      1.92942  2.01306e-06
log_a50_fish4_f      1.00438 -9.35922e-06
log_delta_fish4_f     0.968339 -1.25235e-06
log_a50_fish4_m      1.03866 -1.43461e-05
log_delta_fish4_m     0.784909 -2.46324e-06
log_a50_fish5_f     0.563327 -3.11235e-06
log_delta_fish5_f      1.13618  2.22025e-07
log_a50_fish5_m      1.00125 -4.08075e-07
log_delta_fish5_m    -0.271794 -1.51441e-06
log_a50_srv1_f     0.820788    2.464e-05
log_delta_srv1_f     0.884789  3.65746e-06
log_a50_srv1_m       1.1362  2.02072e-05
log_delta_srv1_m    0.0384769  4.52164e-06
log_a50_srv7_f    -0.871179 -1.56569e-06
log_a50_srv7_m     -1.09954 -2.18075e-06
log_a50_srv10_f     0.470468 -4.02812e-06
log_delta_srv10_f      1.24515  2.67849e-07
log_a50_srv10_m     0.695723 -8.91405e-07
log_delta_srv10_m     0.621465 -1.69994e-06
