#_Random_number_seed
1234
#_Number_of_fisheries
1
#_Number_of_projection_years
14
#_Number_of_simulations
1000
#_Begin_year_of_projection
2023
#_Number_of_ages
30
#_Natural_Mortality 2 3 4 5 6 7 8 9 10 11 12 13 14 15 16 17 18 19 20 21 22 23 24 25 26 27 28 29 30 31
 0.102741 0.102741 0.102741 0.102741 0.102741 0.102741 0.102741 0.102741 0.102741 0.102741 0.102741 0.102741 0.102741 0.102741 0.102741 0.102741 0.102741 0.102741 0.102741 0.102741 0.102741 0.102741 0.102741 0.102741 0.102741 0.102741 0.102741 0.102741 0.102741 0.102741
#_2001_TAC_or_best_estimate_of_catch_2001
20.2368
#_F_ratio(must_sum_to_one_only_one_fishery)
1
#5year_Average_F(endyr-4,endyr_as_estimated_by_ADmodel)
0.0413721
#_Author_F_as_fraction_F_40%
1
#_Spawn_month
1
#_Wt_at_age_spawners 2 3 4 5 6 7 8 9 10 11 12 13 14 15 16 17 18 19 20 21 22 23 24 25 26 27 28 29 30 31
 1.1289 1.5716 2.0231 2.4639 2.8806 3.2653 3.614 3.9258 4.2014 4.4427 4.6527 4.8342 4.9903 5.1242 5.2385 5.336 5.4188 5.4891 5.5486 5.599 5.6416 5.6775 5.7079 5.7335 5.755 5.7732 5.7885 5.8014 5.8122 5.8455
#_Wt_at_age_fishery 2 3 4 5 6 7 8 9 10 11 12 13 14 15 16 17 18 19 20 21 22 23 24 25 26 27 28 29 30 31
 1.1289 1.5716 2.0231 2.4639 2.8806 3.2653 3.614 3.9258 4.2014 4.4427 4.6527 4.8342 4.9903 5.1242 5.2385 5.336 5.4188 5.4891 5.5486 5.599 5.6416 5.6775 5.7079 5.7335 5.755 5.7732 5.7885 5.8014 5.8122 5.8455
#_Maturity_divided_by_2(projection_program_uses_to_get_female_spawning_biomass_if_divide_by_2 2 3 4 5 6 7 8 9 10 11 12 13 14 15 16 17 18 19 20 21 22 23 24 25 26 27 28 29 30 31
 0.0111877 0.0229944 0.045585 0.0860639 0.150758 0.235036 0.319339 0.38355 0.421421 0.445922 0.45947 0.465668 0.467532 0.467135 0.465759 0.463986 0.461859 0.459553 0.457263 0.455188 0.453167 0.451057 0.449009 0.447192 0.445262 0.442965 0.440908 0.438798 0.436739 0.41826
#_Selectivity_fishery_scaled_to_max_at_one 2 3 4 5 6 7 8 9 10 11 12 13 14 15 16 17 18 19 20 21 22 23 24 25 26 27 28 29 30 31
 0.0865582 0.681016 0.979634 0.999078 0.999959 0.999998 1 1 1 1 1 1 1 1 1 1 1 1 1 1 1 1 1 1 1 1 1 1 1 1
#_Numbers_at_age_end_year 2 3 4 5 6 7 8 9 10 11 12 13 14 15 16 17 18 19 20 21 22 23 24 25 26 27 28 29 30 31
 25.3948 53.8623 44.3002 11.081 43.2321 44.4437 10.0839 17.1448 4.03533 2.17373 0.931138 1.95796 1.25394 2.86297 1.34493 0.956437 0.790612 0.470538 0.745496 0.385667 0.620559 1.39819 0.360624 0.351445 0.660135 0.17848 0.330907 0.149519 0.0766682 1.00026
#_N_recruitment_years
43
#_Recruitment_start_at_1977_yearclass=1979_for_age_2_recruits 1979 1980 1981 1982 1983 1984 1985 1986 1987 1988 1989 1990 1991 1992 1993 1994 1995 1996 1997 1998 1999 2000 2001 2002 2003 2004 2005 2006 2007 2008 2009 2010 2011 2012 2013 2014 2015 2016 2017 2018 2019 2020 2021
 50.0858 59.2441 12.2883 39.5225 38.3808 20.7824 15.9936 16.8159 11.3306 8.34786 9.32405 12.0779 15.4327 13.6833 20.6757 7.77032 6.48443 10.7506 20.2558 9.28876 29.1299 13.1739 11.4629 37.5362 14.0774 7.42231 12.1835 6.52666 9.32704 9.6166 11.5099 20.7305 7.64215 10.0304 4.01845 8.0082 12.8919 46.8431 23.3783 87.6919 73.0817 16.1702 56.1231
