#Species name here:
GOA_SABLE
#SSL Species?
0
#Constant buffer of Dorn?
0
#Number of fisheries?
2
#Number of sexes?
2
#5year_Average_F(endyr-4,endyr_as_estimated_by_ADmodel)
0.0593483
#_Author_F_as_fraction_F_40%
1
#ABC SPR
0.4
#MSY SPR
0.35
#_Spawn_month
1
#_Number_of_ages
30
#_F_ratio(must_sum_to_one_only_one_fishery)
0.722609 0.277391
#_Natural_Mortality 2 3 4 5 6 7 8 9 10 11 12 13 14 15 16 17 18 19 20 21 22 23 24 25 26 27 28 29 30 31
 0.102741 0.102741 0.102741 0.102741 0.102741 0.102741 0.102741 0.102741 0.102741 0.102741 0.102741 0.102741 0.102741 0.102741 0.102741 0.102741 0.102741 0.102741 0.102741 0.102741 0.102741 0.102741 0.102741 0.102741 0.102741 0.102741 0.102741 0.102741 0.102741 0.102741
#_Natural_Mortality 2 3 4 5 6 7 8 9 10 11 12 13 14 15 16 17 18 19 20 21 22 23 24 25 26 27 28 29 30 31
 0.102741 0.102741 0.102741 0.102741 0.102741 0.102741 0.102741 0.102741 0.102741 0.102741 0.102741 0.102741 0.102741 0.102741 0.102741 0.102741 0.102741 0.102741 0.102741 0.102741 0.102741 0.102741 0.102741 0.102741 0.102741 0.102741 0.102741 0.102741 0.102741 0.102741
#_Maturity_divided_by_2(projection_program_uses_to_get_female_spawning_biomass_if_divide_by_2 2 3 4 5 6 7 8 9 10 11 12 13 14 15 16 17 18 19 20 21 22 23 24 25 26 27 28 29 30 31
 0.0223754 0.0460186 0.0922865 0.176468 0.311118 0.48767 0.667353 0.808734 0.89911 0.949451 0.975362 0.988157 0.994346 0.997309 0.998721 0.999393 0.999712 0.999863 0.999935 0.999969 0.999985 0.999993 0.999997 0.999998 0.999999 1 1 1 1 1
#_Wt_at_age_spawners 2 3 4 5 6 7 8 9 10 11 12 13 14 15 16 17 18 19 20 21 22 23 24 25 26 27 28 29 30 31
 1.1289 1.5716 2.0231 2.4639 2.8806 3.2653 3.614 3.9258 4.2014 4.4427 4.6527 4.8342 4.9903 5.1242 5.2385 5.336 5.4188 5.4891 5.5486 5.599 5.6416 5.6775 5.7079 5.7335 5.755 5.7732 5.7885 5.8014 5.8122 5.8455
#_Wt_at_age_fishery1 female 2 3 4 5 6 7 8 9 10 11 12 13 14 15 16 17 18 19 20 21 22 23 24 25 26 27 28 29 30 31
 1.1289 1.5716 2.0231 2.4639 2.8806 3.2653 3.614 3.9258 4.2014 4.4427 4.6527 4.8342 4.9903 5.1242 5.2385 5.336 5.4188 5.4891 5.5486 5.599 5.6416 5.6775 5.7079 5.7335 5.755 5.7732 5.7885 5.8014 5.8122 5.8455
#_Wt_at_age_fishery2 female 2 3 4 5 6 7 8 9 10 11 12 13 14 15 16 17 18 19 20 21 22 23 24 25 26 27 28 29 30 31
 1.1289 1.5716 2.0231 2.4639 2.8806 3.2653 3.614 3.9258 4.2014 4.4427 4.6527 4.8342 4.9903 5.1242 5.2385 5.336 5.4188 5.4891 5.5486 5.599 5.6416 5.6775 5.7079 5.7335 5.755 5.7732 5.7885 5.8014 5.8122 5.8455
#_Wt_at_age_spawners1 male 2 3 4 5 6 7 8 9 10 11 12 13 14 15 16 17 18 19 20 21 22 23 24 25 26 27 28 29 30 31
 1.0695 1.4409 1.7768 2.0663 2.3077 2.5044 2.6622 2.7872 2.8854 2.962 3.0214 3.0674 3.1029 3.1302 3.1511 3.1672 3.1796 3.189 3.1963 3.2018 3.2061 3.2093 3.2118 3.2137 3.2152 3.2163 3.2171 3.2178 3.2183 3.2193
#_Wt_at_age_fishery2 male 2 3 4 5 6 7 8 9 10 11 12 13 14 15 16 17 18 19 20 21 22 23 24 25 26 27 28 29 30 31
 1.0695 1.4409 1.7768 2.0663 2.3077 2.5044 2.6622 2.7872 2.8854 2.962 3.0214 3.0674 3.1029 3.1302 3.1511 3.1672 3.1796 3.189 3.1963 3.2018 3.2061 3.2093 3.2118 3.2137 3.2152 3.2163 3.2171 3.2178 3.2183 3.2193
#_Selectivity_fishery_scaled_to_max_at_one 2 3 4 5 6 7 8 9 10 11 12 13 14 15 16 17 18 19 20 21 22 23 24 25 26 27 28 29 30 31
 0.086558 0.681016 0.979634 0.999078 0.999959 0.999998 1 1 1 1 1 1 1 1 1 1 1 1 1 1 1 1 1 1 1 1 1 1 1 1
 0.139468 0.352497 0.557354 0.727288 0.854245 0.938757 0.985319 1 0.989172 0.958844 0.914339 0.860181 0.80009 0.73703 0.673301 0.610632 0.550273 0.493086 0.439621 0.390185 0.344897 0.303739 0.266593 0.233268 0.203532 0.177123 0.15377 0.133197 0.115136 0.0993319
#_Selectivity_fishery_scaled_to_max_at_one 2 3 4 5 6 7 8 9 10 11 12 13 14 15 16 17 18 19 20 21 22 23 24 25 26 27 28 29 30 31
 0.212162 0.36588 0.552823 0.725935 0.850192 0.92401 0.963036 0.982401 0.991708 0.996113 0.998182 0.999151 0.999603 0.999815 0.999914 0.99996 0.999981 0.999991 0.999996 0.999998 0.999999 1 1 1 1 1 1 1 1 1
 0.244964 0.501893 0.705606 0.850256 0.941552 0.988394 1 0.984798 0.950037 0.901719 0.844672 0.782684 0.71866 0.654766 0.592571 0.533166 0.477264 0.42529 0.377445 0.333768 0.29418 0.258518 0.226565 0.19807 0.172766 0.150379 0.130639 0.113286 0.0980749 0.0847738
#_Numbers_at_age_end_year 2 3 4 5 6 7 8 9 10 11 12 13 14 15 16 17 18 19 20 21 22 23 24 25 26 27 28 29 30 31
 12.6974 26.9136 21.8821 5.40423 20.9489 21.42 4.82529 8.13108 1.89139 1.02092 0.438636 0.922686 0.589592 1.341 0.627215 0.444042 0.365256 0.216266 0.340909 0.175556 0.28122 0.630667 0.161924 0.157164 0.293933 0.0790603 0.145899 0.0656085 0.0334839 0.41837
 12.6974 26.9487 22.4181 5.67676 22.2831 23.0237 5.25857 9.01369 2.14394 1.15281 0.4925 1.03527 0.664349 1.52197 0.717715 0.512394 0.425355 0.254271 0.404586 0.21011 0.339338 0.76752 0.1987 0.194281 0.366201 0.0994194 0.185007 0.0839102 0.0431842 0.581893
#_N_recruitment_years
43
#_Recruitment_start_at_1977_yearclass=1979_for_age_2_recruits 1979 1980 1981 1982 1983 1984 1985 1986 1987 1988 1989 1990 1991 1992 1993 1994 1995 1996 1997 1998 1999 2000 2001 2002 2003 2004 2005 2006 2007 2008 2009 2010 2011 2012 2013 2014 2015 2016 2017 2018 2019 2020 2021
 50.0856 59.244 12.2883 39.5226 38.3806 20.7824 15.9936 16.8159 11.3306 8.34785 9.32403 12.0779 15.4327 13.6833 20.6757 7.77031 6.48443 10.7505 20.2558 9.28874 29.1298 13.1739 11.4629 37.5362 14.0774 7.42231 12.1835 6.52666 9.32703 9.61659 11.5098 20.7305 7.64215 10.0304 4.01844 8.00819 12.8919 46.8431 23.3783 87.6918 73.0816 16.1701 56.1231
#_Spawners per recruitment (starting at 1977)
 170.156 159.944 154.373 147.462 141.945 139.011 142.114 151.376 164.214 177.902 184.118 183.656 176.722 166.398 154.745 143.136 132.383 121.508 112.612 106.327 102.213 99.2872 96.6729 94.3161 91.8137 91.672 92.5992 93.8375 95.5857 97.9244 100.048 100.451 99.3055 97.0068 94.1066 90.526 87.0753 84.3765 82.8915 81.6821 80.8859 81.1221
