#_Random_number_seed
1234
#_Number_of_fisheries
1
#_Number_of_projection_years
14
#_Number_of_simulations
1000
#_Begin_year_of_projection
2023
#_Number_of_ages
30
#_Natural_Mortality 2 3 4 5 6 7 8 9 10 11 12 13 14 15 16 17 18 19 20 21 22 23 24 25 26 27 28 29 30 31
 0.0887736 0.0887736 0.0887736 0.0887736 0.0887736 0.0887736 0.0887736 0.0887736 0.0887736 0.0887736 0.0887736 0.0887736 0.0887736 0.0887736 0.0887736 0.0887736 0.0887736 0.0887736 0.0887736 0.0887736 0.0887736 0.0887736 0.0887736 0.0887736 0.0887736 0.0887736 0.0887736 0.0887736 0.0887736 0.0887736
#_2001_TAC_or_best_estimate_of_catch_2001
20.2368
#_F_ratio(must_sum_to_one_only_one_fishery)
1
#5year_Average_F(endyr-4,endyr_as_estimated_by_ADmodel)
0.044141
#_Author_F_as_fraction_F_40%
1
#_Spawn_month
1
#_Wt_at_age_spawners 2 3 4 5 6 7 8 9 10 11 12 13 14 15 16 17 18 19 20 21 22 23 24 25 26 27 28 29 30 31
 0.979681 1.35981 1.7248 2.08066 2.38678 2.58298 2.74396 2.92733 3.09734 3.26175 3.47748 3.7514 4.03427 4.27703 4.45514 4.5912 4.72203 4.86714 5.02061 5.14451 5.23423 5.31703 5.41025 5.51803 5.63587 5.75532 5.91232 6.11815 6.32721 6.49494
#_Wt_at_age_fishery 2 3 4 5 6 7 8 9 10 11 12 13 14 15 16 17 18 19 20 21 22 23 24 25 26 27 28 29 30 31
 0.979681 1.35981 1.7248 2.08066 2.38678 2.58298 2.74396 2.92733 3.09734 3.26175 3.47748 3.7514 4.03427 4.27703 4.45514 4.5912 4.72203 4.86714 5.02061 5.14451 5.23423 5.31703 5.41025 5.51803 5.63587 5.75532 5.91232 6.11815 6.32721 6.49494
#_Maturity_divided_by_2(projection_program_uses_to_get_female_spawning_biomass_if_divide_by_2 2 3 4 5 6 7 8 9 10 11 12 13 14 15 16 17 18 19 20 21 22 23 24 25 26 27 28 29 30 31
 0.0111877 0.0229564 0.0456116 0.0858459 0.150419 0.234981 0.319602 0.384333 0.42325 0.448073 0.466935 0.474247 0.476422 0.47555 0.473254 0.470735 0.468626 0.466518 0.464309 0.461916 0.459874 0.457966 0.455525 0.453042 0.451236 0.449283 0.44669 0.444695 0.442768 0.423579
#_Selectivity_fishery_scaled_to_max_at_one 2 3 4 5 6 7 8 9 10 11 12 13 14 15 16 17 18 19 20 21 22 23 24 25 26 27 28 29 30 31
 0.0182149 0.411084 0.96332 0.998989 0.999973 0.999999 1 1 1 1 1 1 1 1 1 1 1 1 1 1 1 1 1 1 1 1 1 1 1 1
#_Numbers_at_age_end_year 2 3 4 5 6 7 8 9 10 11 12 13 14 15 16 17 18 19 20 21 22 23 24 25 26 27 28 29 30 31
 22.3318 43.1142 40.8536 8.61174 31.6035 66.7223 9.34563 24.0247 4.15531 3.28378 0.658922 2.19344 0.722394 3.17299 1.40638 1.16262 0.823049 0.62105 0.800043 0.533867 0.606839 1.70742 0.476933 0.469538 0.814865 0.26742 0.394322 0.247087 0.101354 1.55041
#_N_recruitment_years
43
#_Recruitment_start_at_1977_yearclass=1979_for_age_2_recruits 1979 1980 1981 1982 1983 1984 1985 1986 1987 1988 1989 1990 1991 1992 1993 1994 1995 1996 1997 1998 1999 2000 2001 2002 2003 2004 2005 2006 2007 2008 2009 2010 2011 2012 2013 2014 2015 2016 2017 2018 2019 2020 2021
 64.2034 29.0551 9.00672 42.6667 34.7886 7.91186 19.1623 19.0581 6.33187 10.9273 11.5597 8.09238 15.8351 15.1988 11.8193 10.5743 5.56855 11.7716 16.3193 9.61086 25.2973 12.666 11.1747 34.5356 10.5908 8.07265 10.4769 7.03111 8.0704 9.8861 10.3498 20.0137 3.87487 9.98768 2.5488 10.8408 11.8948 59.0014 19.6799 121.12 49.8469 11.8778 49.5976
