#Species name here:
GOA_SABLE
#SSL Species?
0
#Constant buffer of Dorn?
0
#Number of fisheries?
2
#Number of sexes?
2
#5year_Average_F(endyr-4,endyr_as_estimated_by_ADmodel)
0.0656504
#_Author_F_as_fraction_F_40%
1
#ABC SPR
0.4
#MSY SPR
0.35
#_Spawn_month
1
#_Number_of_ages
30
#_F_ratio(must_sum_to_one_only_one_fishery)
0.703743 0.296257
#_Natural_Mortality 2 3 4 5 6 7 8 9 10 11 12 13 14 15 16 17 18 19 20 21 22 23 24 25 26 27 28 29 30 31
 0.0887736 0.0887736 0.0887736 0.0887736 0.0887736 0.0887736 0.0887736 0.0887736 0.0887736 0.0887736 0.0887736 0.0887736 0.0887736 0.0887736 0.0887736 0.0887736 0.0887736 0.0887736 0.0887736 0.0887736 0.0887736 0.0887736 0.0887736 0.0887736 0.0887736 0.0887736 0.0887736 0.0887736 0.0887736 0.0887736
#_Natural_Mortality 2 3 4 5 6 7 8 9 10 11 12 13 14 15 16 17 18 19 20 21 22 23 24 25 26 27 28 29 30 31
 0.0887736 0.0887736 0.0887736 0.0887736 0.0887736 0.0887736 0.0887736 0.0887736 0.0887736 0.0887736 0.0887736 0.0887736 0.0887736 0.0887736 0.0887736 0.0887736 0.0887736 0.0887736 0.0887736 0.0887736 0.0887736 0.0887736 0.0887736 0.0887736 0.0887736 0.0887736 0.0887736 0.0887736 0.0887736 0.0887736
#_Maturity_divided_by_2(projection_program_uses_to_get_female_spawning_biomass_if_divide_by_2 2 3 4 5 6 7 8 9 10 11 12 13 14 15 16 17 18 19 20 21 22 23 24 25 26 27 28 29 30 31
 0.0223754 0.0460186 0.0922865 0.176468 0.311118 0.48767 0.667353 0.808734 0.89911 0.949451 0.975362 0.988157 0.994346 0.997309 0.998721 0.999393 0.999712 0.999863 0.999935 0.999969 0.999985 0.999993 0.999997 0.999998 0.999999 1 1 1 1 1
#_Wt_at_age_spawners 2 3 4 5 6 7 8 9 10 11 12 13 14 15 16 17 18 19 20 21 22 23 24 25 26 27 28 29 30 31
 0.979681 1.35981 1.7248 2.08066 2.38678 2.58298 2.74396 2.92733 3.09734 3.26175 3.47748 3.7514 4.03427 4.27703 4.45514 4.5912 4.72203 4.86714 5.02061 5.14451 5.23423 5.31703 5.41025 5.51803 5.63587 5.75532 5.91232 6.11815 6.32721 6.49494
#_Wt_at_age_fishery1 female 2 3 4 5 6 7 8 9 10 11 12 13 14 15 16 17 18 19 20 21 22 23 24 25 26 27 28 29 30 31
 0.979681 1.35981 1.7248 2.08066 2.38678 2.58298 2.74396 2.92733 3.09734 3.26175 3.47748 3.7514 4.03427 4.27703 4.45514 4.5912 4.72203 4.86714 5.02061 5.14451 5.23423 5.31703 5.41025 5.51803 5.63587 5.75532 5.91232 6.11815 6.32721 6.49494
#_Wt_at_age_fishery2 female 2 3 4 5 6 7 8 9 10 11 12 13 14 15 16 17 18 19 20 21 22 23 24 25 26 27 28 29 30 31
 0.979681 1.35981 1.7248 2.08066 2.38678 2.58298 2.74396 2.92733 3.09734 3.26175 3.47748 3.7514 4.03427 4.27703 4.45514 4.5912 4.72203 4.86714 5.02061 5.14451 5.23423 5.31703 5.41025 5.51803 5.63587 5.75532 5.91232 6.11815 6.32721 6.49494
#_Wt_at_age_spawners1 male 2 3 4 5 6 7 8 9 10 11 12 13 14 15 16 17 18 19 20 21 22 23 24 25 26 27 28 29 30 31
 0.924273 1.2497 1.5508 1.77137 1.91957 2.0139 2.11101 2.1914 2.23775 2.33037 2.43258 2.53152 2.61109 2.68387 2.76082 2.82303 2.88051 2.93548 2.99635 3.04911 3.09899 3.13726 3.17 3.19483 3.21404 3.22655 3.23387 3.2375 3.24349 3.26
#_Wt_at_age_fishery2 male 2 3 4 5 6 7 8 9 10 11 12 13 14 15 16 17 18 19 20 21 22 23 24 25 26 27 28 29 30 31
 0.924273 1.2497 1.5508 1.77137 1.91957 2.0139 2.11101 2.1914 2.23775 2.33037 2.43258 2.53152 2.61109 2.68387 2.76082 2.82303 2.88051 2.93548 2.99635 3.04911 3.09899 3.13726 3.17 3.19483 3.21404 3.22655 3.23387 3.2375 3.24349 3.26
#_Selectivity_fishery_scaled_to_max_at_one 2 3 4 5 6 7 8 9 10 11 12 13 14 15 16 17 18 19 20 21 22 23 24 25 26 27 28 29 30 31
 0.0182149 0.411084 0.96332 0.998989 0.999973 0.999999 1 1 1 1 1 1 1 1 1 1 1 1 1 1 1 1 1 1 1 1 1 1 1 1
 0.0692394 0.223851 0.406346 0.582378 0.733295 0.850712 0.932696 0.98114 1 0.994134 0.968573 0.928087 0.876946 0.818816 0.756733 0.693134 0.629915 0.568495 0.509891 0.45479 0.403612 0.356565 0.313698 0.274938 0.240129 0.209055 0.181461 0.157077 0.135622 0.116818
#_Selectivity_fishery_scaled_to_max_at_one 2 3 4 5 6 7 8 9 10 11 12 13 14 15 16 17 18 19 20 21 22 23 24 25 26 27 28 29 30 31
 0.0833942 0.225111 0.48122 0.747593 0.904373 0.967946 0.989735 0.996762 0.998984 0.999682 0.9999 0.999969 0.99999 0.999997 0.999999 1 1 1 1 1 1 1 1 1 1 1 1 1 1 1
 0.108333 0.30012 0.499532 0.6749 0.813348 0.911833 0.972495 1 1 0.97824 0.940071 0.890211 0.832655 0.770678 0.706881 0.643271 0.581341 0.522158 0.46644 0.414625 0.366936 0.323429 0.284039 0.248611 0.216933 0.188756 0.163809 0.141813 0.122494 0.105584
#_Numbers_at_age_end_year 2 3 4 5 6 7 8 9 10 11 12 13 14 15 16 17 18 19 20 21 22 23 24 25 26 27 28 29 30 31
 11.1659 21.5075 20.1914 4.18933 15.2796 32.1498 4.47572 11.4172 1.95608 1.54971 0.315446 1.0527 0.346122 1.51299 0.666424 0.547617 0.385814 0.289771 0.371491 0.24661 0.279073 0.781945 0.217256 0.212721 0.367697 0.120147 0.176139 0.109878 0.0448765 0.65672
 11.1659 21.6066 20.6621 4.42241 16.3239 34.5725 4.86992 12.6075 2.19922 1.73407 0.343476 1.14074 0.376272 1.66 0.739951 0.615001 0.437236 0.331279 0.428552 0.287258 0.327766 0.925472 0.259678 0.256817 0.447168 0.147273 0.218182 0.137209 0.0564779 0.893686
#_N_recruitment_years
43
#_Recruitment_start_at_1977_yearclass=1979_for_age_2_recruits 1979 1980 1981 1982 1983 1984 1985 1986 1987 1988 1989 1990 1991 1992 1993 1994 1995 1996 1997 1998 1999 2000 2001 2002 2003 2004 2005 2006 2007 2008 2009 2010 2011 2012 2013 2014 2015 2016 2017 2018 2019 2020 2021
 64.2034 29.0551 9.00672 42.6667 34.7886 7.91186 19.1623 19.0581 6.33187 10.9273 11.5597 8.09238 15.8351 15.1988 11.8193 10.5743 5.56855 11.7716 16.3193 9.61086 25.2973 12.666 11.1747 34.5356 10.5908 8.07265 10.4769 7.03111 8.0704 9.8861 10.3498 20.0137 3.87487 9.98768 2.5488 10.8408 11.8948 59.0014 19.6799 121.12 49.8469 11.8778 49.5976
#_Spawners per recruitment (starting at 1977)
 166.025 156.678 152.433 146.801 142.809 141.66 145.815 154.927 166.404 178.184 181.982 179.548 171.826 161.521 150.609 140.277 131.038 121.651 113.888 111.203 110.714 109.153 108.488 104.004 102.996 104.067 103.807 104.746 106.004 106.278 107.688 108.838 104.81 102.487 95.6481 90.9634 88.3581 87.4452 86.1728 83.4058 84.6234 84.9444
