#_Random_number_seed
1234
#_Number_of_fisheries
1
#_Number_of_projection_years
14
#_Number_of_simulations
1000
#_Begin_year_of_projection
2023
#_Number_of_ages
30
#_Natural_Mortality 2 3 4 5 6 7 8 9 10 11 12 13 14 15 16 17 18 19 20 21 22 23 24 25 26 27 28 29 30 31
 0.106999 0.106999 0.106999 0.106999 0.106999 0.106999 0.106999 0.106999 0.106999 0.106999 0.106999 0.106999 0.106999 0.106999 0.106999 0.106999 0.106999 0.106999 0.106999 0.106999 0.106999 0.106999 0.106999 0.106999 0.106999 0.106999 0.106999 0.106999 0.106999 0.106999
#_2001_TAC_or_best_estimate_of_catch_2001
20.2368
#_F_ratio(must_sum_to_one_only_one_fishery)
1
#5year_Average_F(endyr-4,endyr_as_estimated_by_ADmodel)
0.0386923
#_Author_F_as_fraction_F_40%
1
#_Spawn_month
1
#_Wt_at_age_spawners 2 3 4 5 6 7 8 9 10 11 12 13 14 15 16 17 18 19 20 21 22 23 24 25 26 27 28 29 30 31
 1.1289 1.5716 2.0231 2.4639 2.8806 3.2653 3.614 3.9258 4.2014 4.4427 4.6527 4.8342 4.9903 5.1242 5.2385 5.336 5.4188 5.4891 5.5486 5.599 5.6416 5.6775 5.7079 5.7335 5.755 5.7732 5.7885 5.8014 5.8122 5.8455
#_Wt_at_age_fishery 2 3 4 5 6 7 8 9 10 11 12 13 14 15 16 17 18 19 20 21 22 23 24 25 26 27 28 29 30 31
 1.1289 1.5716 2.0231 2.4639 2.8806 3.2653 3.614 3.9258 4.2014 4.4427 4.6527 4.8342 4.9903 5.1242 5.2385 5.336 5.4188 5.4891 5.5486 5.599 5.6416 5.6775 5.7079 5.7335 5.755 5.7732 5.7885 5.8014 5.8122 5.8455
#_Maturity_divided_by_2(projection_program_uses_to_get_female_spawning_biomass_if_divide_by_2 2 3 4 5 6 7 8 9 10 11 12 13 14 15 16 17 18 19 20 21 22 23 24 25 26 27 28 29 30 31
 0.0111877 0.022893 0.0454892 0.0861497 0.150967 0.235226 0.320195 0.386521 0.428127 0.453078 0.466354 0.471127 0.472448 0.47217 0.471041 0.469574 0.467947 0.466092 0.463926 0.461606 0.459204 0.456593 0.45394 0.451373 0.449038 0.446921 0.444722 0.442544 0.440284 0.412095
#_Selectivity_fishery_scaled_to_max_at_one 2 3 4 5 6 7 8 9 10 11 12 13 14 15 16 17 18 19 20 21 22 23 24 25 26 27 28 29 30 31
 0.0179311 0.533459 0.986227 0.999777 0.999996 1 1 1 1 1 1 1 1 1 1 1 1 1 1 1 1 1 1 1 1 1 1 1 1 1
#_Numbers_at_age_end_year 2 3 4 5 6 7 8 9 10 11 12 13 14 15 16 17 18 19 20 21 22 23 24 25 26 27 28 29 30 31
 26.9181 46.9908 56.6084 6.77307 41.0562 50.3483 9.76705 18.2713 3.96156 1.82514 0.895771 1.98444 1.29553 2.58226 1.59352 1.01965 0.809414 0.515621 0.700815 0.469403 0.539797 1.42795 0.392578 0.313735 0.686024 0.139409 0.296699 0.163071 0.0687331 0.820291
#_N_recruitment_years
43
#_Recruitment_start_at_1977_yearclass=1979_for_age_2_recruits 1979 1980 1981 1982 1983 1984 1985 1986 1987 1988 1989 1990 1991 1992 1993 1994 1995 1996 1997 1998 1999 2000 2001 2002 2003 2004 2005 2006 2007 2008 2009 2010 2011 2012 2013 2014 2015 2016 2017 2018 2019 2020 2021
 3.24156 3.92986 3.23102 2.89857 4.14992 3.73295 2.55693 3.17188 2.73811 1.65246 1.70011 2.57937 2.62744 2.26747 2.84714 1.89023 1.90264 2.59612 3.02302 2.09309 3.51141 2.55244 2.59646 3.70629 2.55561 2.24229 2.47128 1.99494 2.27919 2.34335 2.61892 2.92614 2.06085 2.31756 1.36732 1.94753 2.57807 3.93906 3.14413 4.62025 4.26011 2.30523 4.27502
