47.3718649554476 52.6729704607295 57.5222600435705 61.2868572387709 64.1733307514911 66.479232807384 68.6109563303689 70.4967757329887 71.8888886022694 73.0494776933529 74.2782512482109 75.3473211500343 76.3203763143691 77.1735758524052 77.9340132503518 78.6098544607815 79.1739448495377 79.6507505897448 80.0514892982114 80.3889194922338 80.6744113143388 80.9186937792778 81.1276436599778 81.3059274858639 81.4570514653683 81.5839404524403 81.6888839543212 81.7738940352181 81.8411631549155 81.892896158508
47.3718649554476 52.6729704607295 57.5222600435705 61.2868572387709 64.1733307514911 66.479232807384 68.6109563303689 70.4967757329887 71.8888886022694 73.0494776933529 74.2782512482109 75.3473211500343 76.3203763143691 77.1735758524052 77.9340132503518 78.6098544607815 79.1739448495377 79.6507505897448 80.0514892982114 80.3889194922338 80.6744113143388 80.9186937792778 81.1276436599778 81.3059274858639 81.4570514653683 81.5839404524403 81.6888839543212 81.7738940352181 81.8411631549155 81.892896158508
47.3718649554476 52.6729704607295 57.5222600435705 61.2868572387709 64.1733307514911 66.479232807384 68.6109563303689 70.4967757329887 71.8888886022694 73.0494776933529 74.2782512482109 75.3473211500343 76.3203763143691 77.1735758524052 77.9340132503518 78.6098544607815 79.1739448495377 79.6507505897448 80.0514892982114 80.3889194922338 80.6744113143388 80.9186937792778 81.1276436599778 81.3059274858639 81.4570514653683 81.5839404524403 81.6888839543212 81.7738940352181 81.8411631549155 81.892896158508
47.3718649554476 52.6729704607295 57.5222600435705 61.2868572387709 64.1733307514911 66.479232807384 68.6109563303689 70.4967757329887 71.8888886022694 73.0494776933529 74.2782512482109 75.3473211500343 76.3203763143691 77.1735758524052 77.9340132503518 78.6098544607815 79.1739448495377 79.6507505897448 80.0514892982114 80.3889194922338 80.6744113143388 80.9186937792778 81.1276436599778 81.3059274858639 81.4570514653683 81.5839404524403 81.6888839543212 81.7738940352181 81.8411631549155 81.892896158508
47.3718649554476 52.6729704607295 57.5222600435705 61.2868572387709 64.1733307514911 66.479232807384 68.6109563303689 70.4967757329887 71.8888886022694 73.0494776933529 74.2782512482109 75.3473211500343 76.3203763143691 77.1735758524052 77.9340132503518 78.6098544607815 79.1739448495377 79.6507505897448 80.0514892982114 80.3889194922338 80.6744113143388 80.9186937792778 81.1276436599778 81.3059274858639 81.4570514653683 81.5839404524403 81.6888839543212 81.7738940352181 81.8411631549155 81.892896158508
47.3718649554476 52.6729704607295 57.5222600435705 61.2868572387709 64.1733307514911 66.479232807384 68.6109563303689 70.4967757329887 71.8888886022694 73.0494776933529 74.2782512482109 75.3473211500343 76.3203763143691 77.1735758524052 77.9340132503518 78.6098544607815 79.1739448495377 79.6507505897448 80.0514892982114 80.3889194922338 80.6744113143388 80.9186937792778 81.1276436599778 81.3059274858639 81.4570514653683 81.5839404524403 81.6888839543212 81.7738940352181 81.8411631549155 81.892896158508
47.3718649554476 52.6729704607295 57.5222600435705 61.2868572387709 64.1733307514911 66.479232807384 68.6109563303689 70.4967757329887 71.8888886022694 73.0494776933529 74.2782512482109 75.3473211500343 76.3203763143691 77.1735758524052 77.9340132503518 78.6098544607815 79.1739448495377 79.6507505897448 80.0514892982114 80.3889194922338 80.6744113143388 80.9186937792778 81.1276436599778 81.3059274858639 81.4570514653683 81.5839404524403 81.6888839543212 81.7738940352181 81.8411631549155 81.892896158508
47.3718649554476 52.6729704607295 57.5222600435705 61.2868572387709 64.1733307514911 66.479232807384 68.6109563303689 70.4967757329887 71.8888886022694 73.0494776933529 74.2782512482109 75.3473211500343 76.3203763143691 77.1735758524052 77.9340132503518 78.6098544607815 79.1739448495377 79.6507505897448 80.0514892982114 80.3889194922338 80.6744113143388 80.9186937792778 81.1276436599778 81.3059274858639 81.4570514653683 81.5839404524403 81.6888839543212 81.7738940352181 81.8411631549155 81.892896158508
47.3718649554476 52.6729704607295 57.5222600435705 61.2868572387709 64.1733307514911 66.479232807384 68.6109563303689 70.4967757329887 71.8888886022694 73.0494776933529 74.2782512482109 75.3473211500343 76.3203763143691 77.1735758524052 77.9340132503518 78.6098544607815 79.1739448495377 79.6507505897448 80.0514892982114 80.3889194922338 80.6744113143388 80.9186937792778 81.1276436599778 81.3059274858639 81.4570514653683 81.5839404524403 81.6888839543212 81.7738940352181 81.8411631549155 81.892896158508
47.3718649554476 52.6729704607295 57.5222600435705 61.2868572387709 64.1733307514911 66.479232807384 68.6109563303689 70.4967757329887 71.8888886022694 73.0494776933529 74.2782512482109 75.3473211500343 76.3203763143691 77.1735758524052 77.9340132503518 78.6098544607815 79.1739448495377 79.6507505897448 80.0514892982114 80.3889194922338 80.6744113143388 80.9186937792778 81.1276436599778 81.3059274858639 81.4570514653683 81.5839404524403 81.6888839543212 81.7738940352181 81.8411631549155 81.892896158508
47.3718649554476 52.6729704607295 57.5222600435705 61.2868572387709 64.1733307514911 66.479232807384 68.6109563303689 70.4967757329887 71.8888886022694 73.0494776933529 74.2782512482109 75.3473211500343 76.3203763143691 77.1735758524052 77.9340132503518 78.6098544607815 79.1739448495377 79.6507505897448 80.0514892982114 80.3889194922338 80.6744113143388 80.9186937792778 81.1276436599778 81.3059274858639 81.4570514653683 81.5839404524403 81.6888839543212 81.7738940352181 81.8411631549155 81.892896158508
47.3718649554476 52.6729704607295 57.5222600435705 61.2868572387709 64.1733307514911 66.479232807384 68.6109563303689 70.4967757329887 71.8888886022694 73.0494776933529 74.2782512482109 75.3473211500343 76.3203763143691 77.1735758524052 77.9340132503518 78.6098544607815 79.1739448495377 79.6507505897448 80.0514892982114 80.3889194922338 80.6744113143388 80.9186937792778 81.1276436599778 81.3059274858639 81.4570514653683 81.5839404524403 81.6888839543212 81.7738940352181 81.8411631549155 81.892896158508
47.3718649554476 52.6729704607295 57.5222600435705 61.2868572387709 64.1733307514911 66.479232807384 68.6109563303689 70.4967757329887 71.8888886022694 73.0494776933529 74.2782512482109 75.3473211500343 76.3203763143691 77.1735758524052 77.9340132503518 78.6098544607815 79.1739448495377 79.6507505897448 80.0514892982114 80.3889194922338 80.6744113143388 80.9186937792778 81.1276436599778 81.3059274858639 81.4570514653683 81.5839404524403 81.6888839543212 81.7738940352181 81.8411631549155 81.892896158508
47.3718649554476 52.6729704607295 57.5222600435705 61.2868572387709 64.1733307514911 66.479232807384 68.6109563303689 70.4967757329887 71.8888886022694 73.0494776933529 74.2782512482109 75.3473211500343 76.3203763143691 77.1735758524052 77.9340132503518 78.6098544607815 79.1739448495377 79.6507505897448 80.0514892982114 80.3889194922338 80.6744113143388 80.9186937792778 81.1276436599778 81.3059274858639 81.4570514653683 81.5839404524403 81.6888839543212 81.7738940352181 81.8411631549155 81.892896158508
47.3718649554476 52.6729704607295 57.5222600435705 61.2868572387709 64.1733307514911 66.479232807384 68.6109563303689 70.4967757329887 71.8888886022694 73.0494776933529 74.2782512482109 75.3473211500343 76.3203763143691 77.1735758524052 77.9340132503518 78.6098544607815 79.1739448495377 79.6507505897448 80.0514892982114 80.3889194922338 80.6744113143388 80.9186937792778 81.1276436599778 81.3059274858639 81.4570514653683 81.5839404524403 81.6888839543212 81.7738940352181 81.8411631549155 81.892896158508
47.3718649554476 52.6729704607295 57.5222600435705 61.2868572387709 64.1733307514911 66.479232807384 68.6109563303689 70.4967757329887 71.8888886022694 73.0494776933529 74.2782512482109 75.3473211500343 76.3203763143691 77.1735758524052 77.9340132503518 78.6098544607815 79.1739448495377 79.6507505897448 80.0514892982114 80.3889194922338 80.6744113143388 80.9186937792778 81.1276436599778 81.3059274858639 81.4570514653683 81.5839404524403 81.6888839543212 81.7738940352181 81.8411631549155 81.892896158508
47.3718649554476 52.6729704607295 57.5222600435705 61.2868572387709 64.1733307514911 66.479232807384 68.6109563303689 70.4967757329887 71.8888886022694 73.0494776933529 74.2782512482109 75.3473211500343 76.3203763143691 77.1735758524052 77.9340132503518 78.6098544607815 79.1739448495377 79.6507505897448 80.0514892982114 80.3889194922338 80.6744113143388 80.9186937792778 81.1276436599778 81.3059274858639 81.4570514653683 81.5839404524403 81.6888839543212 81.7738940352181 81.8411631549155 81.892896158508
47.3718649554476 52.6729704607295 57.5222600435705 61.2868572387709 64.1733307514911 66.479232807384 68.6109563303689 70.4967757329887 71.8888886022694 73.0494776933529 74.2782512482109 75.3473211500343 76.3203763143691 77.1735758524052 77.9340132503518 78.6098544607815 79.1739448495377 79.6507505897448 80.0514892982114 80.3889194922338 80.6744113143388 80.9186937792778 81.1276436599778 81.3059274858639 81.4570514653683 81.5839404524403 81.6888839543212 81.7738940352181 81.8411631549155 81.892896158508
47.3718649554476 52.6729704607295 57.5222600435705 61.2868572387709 64.1733307514911 66.479232807384 68.6109563303689 70.4967757329887 71.8888886022694 73.0494776933529 74.2782512482109 75.3473211500343 76.3203763143691 77.1735758524052 77.9340132503518 78.6098544607815 79.1739448495377 79.6507505897448 80.0514892982114 80.3889194922338 80.6744113143388 80.9186937792778 81.1276436599778 81.3059274858639 81.4570514653683 81.5839404524403 81.6888839543212 81.7738940352181 81.8411631549155 81.892896158508
47.3718649554476 52.6729704607295 57.5222600435705 61.2868572387709 64.1733307514911 66.479232807384 68.6109563303689 70.4967757329887 71.8888886022694 73.0494776933529 74.2782512482109 75.3473211500343 76.3203763143691 77.1735758524052 77.9340132503518 78.6098544607815 79.1739448495377 79.6507505897448 80.0514892982114 80.3889194922338 80.6744113143388 80.9186937792778 81.1276436599778 81.3059274858639 81.4570514653683 81.5839404524403 81.6888839543212 81.7738940352181 81.8411631549155 81.892896158508
47.3718649554476 52.6729704607295 57.5222600435705 61.2868572387709 64.1733307514911 66.479232807384 68.6109563303689 70.4967757329887 71.8888886022694 73.0494776933529 74.2782512482109 75.3473211500343 76.3203763143691 77.1735758524052 77.9340132503518 78.6098544607815 79.1739448495377 79.6507505897448 80.0514892982114 80.3889194922338 80.6744113143388 80.9186937792778 81.1276436599778 81.3059274858639 81.4570514653683 81.5839404524403 81.6888839543212 81.7738940352181 81.8411631549155 81.892896158508
47.3718649554476 52.6729704607295 57.5222600435705 61.2868572387709 64.1733307514911 66.479232807384 68.6109563303689 70.4967757329887 71.8888886022694 73.0494776933529 74.2782512482109 75.3473211500343 76.3203763143691 77.1735758524052 77.9340132503518 78.6098544607815 79.1739448495377 79.6507505897448 80.0514892982114 80.3889194922338 80.6744113143388 80.9186937792778 81.1276436599778 81.3059274858639 81.4570514653683 81.5839404524403 81.6888839543212 81.7738940352181 81.8411631549155 81.892896158508
47.3718649554476 52.6729704607295 57.5222600435705 61.2868572387709 64.1733307514911 66.479232807384 68.6109563303689 70.4967757329887 71.8888886022694 73.0494776933529 74.2782512482109 75.3473211500343 76.3203763143691 77.1735758524052 77.9340132503518 78.6098544607815 79.1739448495377 79.6507505897448 80.0514892982114 80.3889194922338 80.6744113143388 80.9186937792778 81.1276436599778 81.3059274858639 81.4570514653683 81.5839404524403 81.6888839543212 81.7738940352181 81.8411631549155 81.892896158508
47.3718649554476 52.6729704607295 57.5222600435705 61.2868572387709 64.1733307514911 66.479232807384 68.6109563303689 70.4967757329887 71.8888886022694 73.0494776933529 74.2782512482109 75.3473211500343 76.3203763143691 77.1735758524052 77.9340132503518 78.6098544607815 79.1739448495377 79.6507505897448 80.0514892982114 80.3889194922338 80.6744113143388 80.9186937792778 81.1276436599778 81.3059274858639 81.4570514653683 81.5839404524403 81.6888839543212 81.7738940352181 81.8411631549155 81.892896158508
47.3718649554476 52.6729704607295 57.5222600435705 61.2868572387709 64.1733307514911 66.479232807384 68.6109563303689 70.4967757329887 71.8888886022694 73.0494776933529 74.2782512482109 75.3473211500343 76.3203763143691 77.1735758524052 77.9340132503518 78.6098544607815 79.1739448495377 79.6507505897448 80.0514892982114 80.3889194922338 80.6744113143388 80.9186937792778 81.1276436599778 81.3059274858639 81.4570514653683 81.5839404524403 81.6888839543212 81.7738940352181 81.8411631549155 81.892896158508
47.3718649554476 52.6729704607295 57.5222600435705 61.2868572387709 64.1733307514911 66.479232807384 68.6109563303689 70.4967757329887 71.8888886022694 73.0494776933529 74.2782512482109 75.3473211500343 76.3203763143691 77.1735758524052 77.9340132503518 78.6098544607815 79.1739448495377 79.6507505897448 80.0514892982114 80.3889194922338 80.6744113143388 80.9186937792778 81.1276436599778 81.3059274858639 81.4570514653683 81.5839404524403 81.6888839543212 81.7738940352181 81.8411631549155 81.892896158508
47.3718649554476 52.6729704607295 57.5222600435705 61.2868572387709 64.1733307514911 66.479232807384 68.6109563303689 70.4967757329887 71.8888886022694 73.0494776933529 74.2782512482109 75.3473211500343 76.3203763143691 77.1735758524052 77.9340132503518 78.6098544607815 79.1739448495377 79.6507505897448 80.0514892982114 80.3889194922338 80.6744113143388 80.9186937792778 81.1276436599778 81.3059274858639 81.4570514653683 81.5839404524403 81.6888839543212 81.7738940352181 81.8411631549155 81.892896158508
47.3718649554476 52.6729704607295 57.5222600435705 61.2868572387709 64.1733307514911 66.479232807384 68.6109563303689 70.4967757329887 71.8888886022694 73.0494776933529 74.2782512482109 75.3473211500343 76.3203763143691 77.1735758524052 77.9340132503518 78.6098544607815 79.1739448495377 79.6507505897448 80.0514892982114 80.3889194922338 80.6744113143388 80.9186937792778 81.1276436599778 81.3059274858639 81.4570514653683 81.5839404524403 81.6888839543212 81.7738940352181 81.8411631549155 81.892896158508
47.3718649554476 52.6729704607295 57.5222600435705 61.2868572387709 64.1733307514911 66.479232807384 68.6109563303689 70.4967757329887 71.8888886022694 73.0494776933529 74.2782512482109 75.3473211500343 76.3203763143691 77.1735758524052 77.9340132503518 78.6098544607815 79.1739448495377 79.6507505897448 80.0514892982114 80.3889194922338 80.6744113143388 80.9186937792778 81.1276436599778 81.3059274858639 81.4570514653683 81.5839404524403 81.6888839543212 81.7738940352181 81.8411631549155 81.892896158508
47.3718649554476 52.6729704607295 57.5222600435705 61.2868572387709 64.1733307514911 66.479232807384 68.6109563303689 70.4967757329887 71.8888886022694 73.0494776933529 74.2782512482109 75.3473211500343 76.3203763143691 77.1735758524052 77.9340132503518 78.6098544607815 79.1739448495377 79.6507505897448 80.0514892982114 80.3889194922338 80.6744113143388 80.9186937792778 81.1276436599778 81.3059274858639 81.4570514653683 81.5839404524403 81.6888839543212 81.7738940352181 81.8411631549155 81.892896158508
47.3718649554476 52.6729704607295 57.5222600435705 61.2868572387709 64.1733307514911 66.479232807384 68.6109563303689 70.4967757329887 71.8888886022694 73.0494776933529 74.2782512482109 75.3473211500343 76.3203763143691 77.1735758524052 77.9340132503518 78.6098544607815 79.1739448495377 79.6507505897448 80.0514892982114 80.3889194922338 80.6744113143388 80.9186937792778 81.1276436599778 81.3059274858639 81.4570514653683 81.5839404524403 81.6888839543212 81.7738940352181 81.8411631549155 81.892896158508
47.3718649554476 52.6729704607295 57.5222600435705 61.2868572387709 64.1733307514911 66.479232807384 68.6109563303689 70.4967757329887 71.8888886022694 73.0494776933529 74.2782512482109 75.3473211500343 76.3203763143691 77.1735758524052 77.9340132503518 78.6098544607815 79.1739448495377 79.6507505897448 80.0514892982114 80.3889194922338 80.6744113143388 80.9186937792778 81.1276436599778 81.3059274858639 81.4570514653683 81.5839404524403 81.6888839543212 81.7738940352181 81.8411631549155 81.892896158508
47.3718649554476 52.6729704607295 57.5222600435705 61.2868572387709 64.1733307514911 66.479232807384 68.6109563303689 70.4967757329887 71.8888886022694 73.0494776933529 74.2782512482109 75.3473211500343 76.3203763143691 77.1735758524052 77.9340132503518 78.6098544607815 79.1739448495377 79.6507505897448 80.0514892982114 80.3889194922338 80.6744113143388 80.9186937792778 81.1276436599778 81.3059274858639 81.4570514653683 81.5839404524403 81.6888839543212 81.7738940352181 81.8411631549155 81.892896158508
47.3718649554476 52.6729704607295 57.5222600435705 61.2868572387709 64.1733307514911 66.479232807384 68.6109563303689 70.4967757329887 71.8888886022694 73.0494776933529 74.2782512482109 75.3473211500343 76.3203763143691 77.1735758524052 77.9340132503518 78.6098544607815 79.1739448495377 79.6507505897448 80.0514892982114 80.3889194922338 80.6744113143388 80.9186937792778 81.1276436599778 81.3059274858639 81.4570514653683 81.5839404524403 81.6888839543212 81.7738940352181 81.8411631549155 81.892896158508
47.3718649554476 52.6729704607295 57.5222600435705 61.2868572387709 64.1733307514911 66.479232807384 68.6109563303689 70.4967757329887 71.8888886022694 73.0494776933529 74.2782512482109 75.3473211500343 76.3203763143691 77.1735758524052 77.9340132503518 78.6098544607815 79.1739448495377 79.6507505897448 80.0514892982114 80.3889194922338 80.6744113143388 80.9186937792778 81.1276436599778 81.3059274858639 81.4570514653683 81.5839404524403 81.6888839543212 81.7738940352181 81.8411631549155 81.892896158508
47.3718649554476 52.6729704607295 57.5222600435705 61.2868572387709 64.1733307514911 66.479232807384 68.6109563303689 70.4967757329887 71.8888886022694 73.0494776933529 74.2782512482109 75.3473211500343 76.3203763143691 77.1735758524052 77.9340132503518 78.6098544607815 79.1739448495377 79.6507505897448 80.0514892982114 80.3889194922338 80.6744113143388 80.9186937792778 81.1276436599778 81.3059274858639 81.4570514653683 81.5839404524403 81.6888839543212 81.7738940352181 81.8411631549155 81.892896158508
49.1915914232472 54.8772071898982 62.0931815886152 65.003483676497 67.081950411665 69.7065462418668 71.9462155358117 73.6687543846629 74.676131010553 75.2558778945863 75.8666931498262 76.461378074901 77.0333275554843 77.4356205699367 78.0019863814033 78.5344101592503 78.9741724269408 79.3892568886818 79.7584798716227 80.0813985403772 80.368681938407 80.6174420584464 80.8309633863108 81.0156108387821 81.1719963875231 81.3067863394622 81.4220347276487 81.5208923890654 81.6060135065113 81.6792266035698
48.1478172577454 53.4132875267817 62.0265034369279 65.6959007403946 68.1319086156084 70.1236402820687 71.5219433220785 73.4852875688877 75.0159249512028 75.8413433632906 76.4739495609177 76.9628525191945 77.4300735948704 77.7447242910433 78.1731243791198 78.6505009738121 79.0419182457449 79.4086261763123 79.7414324451537 80.035207504134 80.309707288485 80.5595626514393 80.777469855839 80.9684544540821 81.1319527990893 81.2737135172261 81.3949409207121 81.4985114270901 81.5875799366421 81.6642901742768
47.670346073481 52.9021920275118 58.5282575284868 64.3639982294238 67.9107003373875 70.9016476442044 72.0936289059187 73.6673079169554 75.0515494633191 75.9339688244065 76.7769570084478 77.3959253817896 77.8620337800025 78.1109394282579 78.438808449795 78.846776624733 79.2105842061425 79.5180484595298 79.7932646569538 80.0439620405376 80.2883951706528 80.5261944657826 80.7388433495066 80.9292579490062 81.0953937378925 81.2396124828849 81.3640768014783 81.4714043566297 81.5641242315424 81.6439088078439
48.0457316375466 55.2882705741115 58.4384801833384 62.5390284123242 67.0121386438766 70.4909068715639 72.5351763050596 74.0985118545405 75.3297601268937 76.1862981522631 77.089431546908 77.7743319899806 78.316741882148 78.6020093276521 78.8891798755647 79.2182863294941 79.519532606698 79.7593748459993 79.9666818105099 80.1733706811817 80.3733755203319 80.57003512335 80.754227218212 80.9249488663605 81.0803376426067 81.2181223231303 81.3398862806788 81.4468585938541 81.5407892425772 81.6221810081098
47.8447624004794 54.1158429771708 58.1059771347235 60.2813404835367 64.425257978724 68.5797944534196 71.5321785189289 73.2964817537185 74.5925568338407 75.754779789 76.9581967967013 77.7534299745586 78.4172286514478 78.8342133582359 79.1632890673886 79.4842586665809 79.784331350656 80.0095907999295 80.1934225140694 80.3686070092498 80.5287966504933 80.682006996206 80.8284950952784 80.968304823399 81.1020282906986 81.2236012280531 81.3340476361894 81.4338444479519 81.5237372129653 81.6036973024347
51.9984342246006 52.7425143384819 58.6230210332818 62.6201895930727 64.6387404579602 68.4380943918725 71.0941845242593 72.9069650708979 74.6997325875504 75.9679057827933 77.0746572973213 77.8603321581983 78.5175099431695 79.0079405684446 79.3999875623808 79.7271409180903 80.0178358863125 80.2498373286264 80.4381954870609 80.5962478184563 80.7281717798115 80.8486477848778 80.9605388271389 81.0679263577581 81.1721119811732 81.2701694936415 81.361087778394 81.4459724924391 81.5248110317933 81.5968643171415
50.9847723092879 51.2120294330706 58.0778277388641 63.2717700133181 65.5575316158173 68.2506956919785 70.6339289817417 72.1413758321597 74.061933707309 75.6939829426204 76.9919775623722 77.8825695724322 78.5849012003848 79.1303361167621 79.5804426768197 79.9314126878003 80.2277260028264 80.4627016425768 80.6573718428387 80.8133903165251 80.9348733064568 81.0375285499176 81.1236247681788 81.2047335582031 81.2817728403464 81.3549823170449 81.4246550661863 81.4904201878716 81.553198957115 81.6118915685279
50.346942392334 53.1379625243237 57.6509984596608 63.3760139853293 66.1214977622169 67.6447184618369 69.7994152859697 70.995137185687 72.7006995810972 74.7040296925399 76.35506421235 77.6009058249113 78.5040586824807 79.1960606460416 79.7312284955045 80.1225094833865 80.433757587779 80.670492050822 80.8586758704837 81.0077713833324 81.1245882633765 81.2177699288761 81.2927019102616 81.3566381119146 81.4147427776207 81.4686333932458 81.5189926346921 81.566530031688 81.6123432814722 81.6559973453505
47.8256672067721 53.6361917003944 56.7899612159222 61.6900577917784 64.8183306151038 66.9602697090749 69.3071341897102 70.7023607655307 72.1458691483414 74.0399241422644 75.7882222051485 77.2138455140179 78.2847658987941 79.1058991862664 79.7550496842619 80.2122479419929 80.5651961368356 80.8252728518987 81.0217977495201 81.1732711502591 81.2906442693935 81.3808060436783 81.4509584492815 81.506725237386 81.5536940045824 81.5943622725161 81.6304618874565 81.6631371053624 81.6939071952689 81.7230515450417
49.0850926493365 52.7117976816952 59.3992321755729 61.7515064585967 64.7510984260222 67.5830485121448 69.271833313661 70.7825305024455 71.867223899242 73.5546600579603 75.3688216752242 76.8484978239651 78.0090286272406 78.9418082318618 79.695806882832 80.2245745595455 80.6251495862005 80.9195123209012 81.1360977809727 81.2986989701575 81.4226539382617 81.5154145227184 81.5852722874587 81.6387948458507 81.6807236899258 81.7145851644661 81.742351360125 81.7655755850258 81.785896981538 81.8039704223843
50.0947338087955 53.7654474291668 58.1202999891987 62.3940146233745 64.8072478055714 66.8044318074563 68.8436275967161 70.1936113998643 70.8856954390332 72.2329443512904 74.0118103061641 75.682908470498 77.1496826796955 78.3768001059282 79.3738416721383 80.0679834519044 80.5681133780127 80.9272853646243 81.1846687232762 81.3715192315253 81.5096291482888 81.6112282049588 81.6862231111608 81.7418476316473 81.7835858920417 81.8154626806243 81.8399179375715 81.8588592809677 81.8738723195197 81.8859649819997
49.4207489034891 54.5692757658299 58.857592277122 63.2348633840242 65.938268599223 67.5872898396744 69.2317557390426 70.3771828402736 70.8923371026759 71.8827283121376 73.1750996331687 74.6973572329916 76.1961891785715 77.6378262954614 78.8821820322098 79.7690097929166 80.4017720236928 80.8527554666514 81.1680210802527 81.3915418190243 81.5526351211569 81.66921551596 81.7531398418701 81.8141695098116 81.8587386370635 81.8916836483125 81.9159449221131 81.9338618500607 81.9471053503862 81.956813146828
48.0334837954828 52.7084252984751 57.7284889425846 63.0516266063414 67.1198837285006 68.9608218054499 69.9385158526905 70.6375049345235 71.2962520058032 72.1122432616575 72.7027584048292 73.8864695233848 75.24057081088 76.6869571346957 78.1441389184163 79.2601364378689 80.0790342042166 80.6670844202551 81.0734213226812 81.3550964960311 81.5521763522827 81.692065907918 81.7901508636699 81.8596040893958 81.9090649495387 81.9445626350559 81.9700658592502 81.9884576455649 82.0016945469015 82.0110829575926
49.3064707925527 53.797294731971 57.8565991596475 62.721084356382 65.5987291126793 68.3513102504557 70.0577517124531 70.920774269512 71.5809794448832 71.6984659979706 72.0905517407125 72.7800345869957 74.1025189889935 75.5045462912354 77.1375426135425 78.5134293462539 79.5675734174036 80.3363772610555 80.8740359489051 81.2453003253471 81.4988029659046 81.6755407704552 81.7968462691749 81.8800675459809 81.9374441604435 81.9772865178298 82.0051184339459 82.0246780724056 82.0384765259528 82.0481520597403
47.1678802614151 50.9327133771634 56.2520176185102 60.6401391227754 64.5790262634799 67.1315493339376 69.5892372477553 70.9963160978353 71.8867493700407 72.2950112294993 72.8603982832741 72.978866082219 74.0370897335104 75.1171797799262 76.5176503842033 77.8553357257304 79.0103473071031 79.9141471669639 80.5799863911632 81.0609918575791 81.3895550546967 81.6176009783389 81.7730710165391 81.8773849582204 81.9471747452517 81.9939562528196 82.0254526240725 82.0468317284902 82.0614607085671 82.0715140219333
47.6635114000527 50.7484023345905 53.7967957492139 57.3265440792062 61.6163057973093 65.7507236544938 68.1102270258869 69.8425629048232 71.6313166472418 72.1658613856048 72.7815187906377 73.1102925492116 73.9843540236193 74.9613302904506 76.0283077369984 77.2449038800023 78.4249334029384 79.4163113984176 80.2026417760956 80.7984423888169 81.2172480597877 81.5128871529258 81.7159247811987 81.850959843081 81.939548135391 81.9971397556275 82.0344766950124 82.0587842694867 82.0747252421379 82.0852683231729
46.0458031988587 50.6567826193795 54.3352039724121 55.7495738538266 59.8158269951501 62.4970219308326 66.630887913982 69.4125410255901 71.4374530471386 72.3360866883996 73.169449677162 73.9286760855108 74.6104255234608 75.3980150183388 76.165630865582 77.1201482363484 78.0628752240475 78.9923400469484 79.8101043825547 80.4752957078261 80.9823354058498 81.3549947742854 81.6192068005312 81.7971333489646 81.9133026279884 81.9874077190013 82.0340146678445 82.0631351371014 82.081336357965 82.0927750880812
44.4673515808575 51.885539413475 55.9025923607242 58.5630051054335 59.9010896953633 62.7109191770377 64.8762629825817 68.9910438665648 71.1969400131712 72.2782388661511 73.2756710783346 74.1743680757748 75.010626264509 75.9994054276909 76.6968392618293 77.4248122326558 78.0955948620942 78.8471956427023 79.5697147403292 80.2135264897645 80.7520764243394 81.1735903260905 81.4918090238212 81.7169352962199 81.8675810760986 81.9644131247976 82.0246167286473 82.0612020320312 82.0831384341518 82.0962187702934
47.3772098441718 52.3032903057347 57.389110988895 60.5382420461446 62.1523565984559 63.1330096551535 66.0054991155024 69.1534120624847 71.5003017148398 72.6160070528845 73.8150684676417 74.8150812526739 75.5348039199773 76.3718145368091 76.9899716621653 77.6152411113789 78.1863201195354 78.796415237837 79.4065112084424 79.9903034698823 80.5176529174515 80.9693329455221 81.3344888337239 81.6080988913902 81.7993379092078 81.9257272714701 82.0050805441581 82.0528855707441 82.0807801440381 82.0967024149128
48.3509007877945 52.9698890359204 57.804372364611 62.5304587286069 64.0238384170912 65.2989553340566 67.304539474917 69.5049636585439 71.416016282208 72.5376781570669 73.9843804530334 75.1046259445762 75.9541798780241 76.7835626503787 77.3968363954953 77.9470600871865 78.4190459732022 78.9035047836104 79.4025909331254 79.8862742919074 80.3525372498399 80.7868767834025 81.1692701833729 81.4779706290464 81.7088994820041 81.8692514368754 81.9734504864851 82.0370977297681 82.0740034176594 82.0945301229761
48.0068440745278 52.469547986111 55.8615977091276 61.2363226706862 63.6920191275875 64.7598655584911 66.6965217028313 68.5879293702116 69.3306146085679 71.0178536194458 73.2261471552807 74.8458793595109 75.9211689169919 76.7782543787348 77.4731538033635 78.0464982121453 78.5062233020658 78.9526348483526 79.3903324010701 79.8095467273986 80.2278479411743 80.6315826545055 81.0088059934334 81.3364538578356 81.5996728341858 81.7942581841084 81.9274653607125 82.011883466023 82.0617081980981 82.089333113134
48.5514027655978 53.5571614169236 57.3200217735448 60.5646915003109 64.0310358773267 66.5649122319576 68.898366899202 70.3147598615896 70.9454896604647 71.9159158473012 73.4764572420471 74.8902523804453 76.0180039288025 76.8743709970565 77.5756403909321 78.1551960066759 78.6252486290107 79.0313690612973 79.4179566560099 79.7862550334265 80.1527091568602 80.5142299672686 80.8678526040073 81.1951434783049 81.4773451213262 81.7017128324915 81.8653070639085 81.9748072821631 82.0420308247224 82.0800856554047
46.5764464042198 53.0912304969189 57.1303957144385 59.0517949017754 61.9353642492557 65.0967386643764 67.6857960837019 69.7154982700486 71.0926648143859 71.9815371324532 73.2687928767002 74.6125749391959 75.7867299616188 76.7887570138578 77.5307489726063 78.1557779328106 78.6491803966597 79.0543155596536 79.4241307281406 79.7671192402428 80.1002373366593 80.4258164430876 80.7496731488182 81.0624980692335 81.3495908491058 81.5945224621366 81.786331755656 81.9234599176863 82.0125015969457 82.0650816068639
45.2750382119032 51.7293970127195 57.5367728124399 60.8234824261792 62.8608786608228 64.5058087147812 67.0244412500864 69.8626700963386 71.6839406884959 72.6729655330387 73.7091892205051 74.7430524225665 75.8344243557717 76.7862304885565 77.5038253131473 78.1413266757912 78.6310933826656 79.0433946152781 79.4040518655633 79.7408782936107 80.0548968013701 80.3563021567771 80.653561779583 80.9457239183941 81.2253228080638 81.4792747395563 81.6927289669466 81.8566779747516 81.9706140576452 82.0420443810405
43.9610896833033 52.7279349989906 55.7797356238023 60.2963072661902 63.9826747654299 65.1509528188716 66.948451521528 69.376603204226 71.3541470432569 72.8776681479716 74.0862485564444 75.1818262804981 76.1202890650108 76.9253643305343 77.5552490186707 78.1590097935483 78.646346672938 79.0569227839492 79.4107018165915 79.7331607198582 80.0282874896521 80.3081283122665 80.5807352454058 80.8489113606333 81.1116410104288 81.3629626276222 81.5885804431084 81.7749192131797 81.9143534399048 82.0083026089341
41.6991485882986 51.9022803806983 58.448456027491 58.934262347277 61.6648909782641 63.4663542429351 65.085578880587 67.5664239193185 69.5786922137641 71.4606680811341 73.1819114515396 74.6934366910816 75.7664135266646 76.648308062547 77.3303318812235 77.9743685344151 78.5255888279331 78.9837619745301 79.366906353457 79.6965839432081 79.9868597775381 80.2545594967437 80.5091178038299 80.758250221161 81.0051290975557 81.2475254495835 81.4767703355625 81.6789732332372 81.8421250797838 81.9608598881332
39.5604820355824 50.6272418537392 55.7046389744169 59.0817192523481 61.3056388905958 62.0659043246861 63.8880133323767 66.2841392213559 67.3928525173415 69.249830631907 71.4052405152668 73.3266921594956 74.7673006270642 75.9022103027474 76.7943028580991 77.5732531363691 78.23116632045 78.7749729295249 79.221544899815 79.5867137679027 79.8976827926492 80.1728843852945 80.4246825185082 80.6641168230181 80.8986671937684 81.1311737996043 81.3589117752611 81.5706711099952 81.7534173048203 81.8971194859704
43.7125150408001 50.3640224691774 55.0651486663997 58.7005810304313 61.3790306152617 62.9025870020735 64.5556640353488 66.4270706850946 67.6450569408824 69.1209004762418 70.8263700819446 72.5185293303804 73.9760956031449 75.2096390378945 76.2272737741559 77.1003159631946 77.83979430695 78.4575145859261 78.9689590932614 79.3892705649849 79.7404586803159 80.0411809186858 80.3063675132631 80.5493050891083 80.7806403493889 81.0074429991402 81.2319810271752 81.4487008554734 81.6468232110078 81.8141647165308
