1.28310563601527 1.67288189587777 2.0830167852789 2.47361316299078 2.82839512469256 3.15335168148645 3.44902109639705 3.72025740848453 3.96076700812835 4.17149490467148 4.36357746255832 4.54618020504146 4.71842861846692 4.8788515163849 5.02743426668748 5.16591536233077 5.29349513764909 5.40835823580016 5.50907726884726 5.59544635462711 5.66848705859393 5.72941859348996 5.7796034093952 5.82041323375261 5.85360163763639 5.88065557088549 5.90276259922406 5.92083978305041 5.93566867178277 5.94787593370225
1.28310563601527 1.67288189587777 2.0830167852789 2.47361316299078 2.82839512469256 3.15335168148645 3.44902109639705 3.72025740848453 3.96076700812835 4.17149490467148 4.36357746255832 4.54618020504146 4.71842861846692 4.8788515163849 5.02743426668748 5.16591536233077 5.29349513764909 5.40835823580016 5.50907726884726 5.59544635462711 5.66848705859393 5.72941859348996 5.7796034093952 5.82041323375261 5.85360163763639 5.88065557088549 5.90276259922406 5.92083978305041 5.93566867178277 5.94787593370225
1.28310563601527 1.67288189587777 2.0830167852789 2.47361316299078 2.82839512469256 3.15335168148645 3.44902109639705 3.72025740848453 3.96076700812835 4.17149490467148 4.36357746255832 4.54618020504146 4.71842861846692 4.8788515163849 5.02743426668748 5.16591536233077 5.29349513764909 5.40835823580016 5.50907726884726 5.59544635462711 5.66848705859393 5.72941859348996 5.7796034093952 5.82041323375261 5.85360163763639 5.88065557088549 5.90276259922406 5.92083978305041 5.93566867178277 5.94787593370225
1.28310563601527 1.67288189587777 2.0830167852789 2.47361316299078 2.82839512469256 3.15335168148645 3.44902109639705 3.72025740848453 3.96076700812835 4.17149490467148 4.36357746255832 4.54618020504146 4.71842861846692 4.8788515163849 5.02743426668748 5.16591536233077 5.29349513764909 5.40835823580016 5.50907726884726 5.59544635462711 5.66848705859393 5.72941859348996 5.7796034093952 5.82041323375261 5.85360163763639 5.88065557088549 5.90276259922406 5.92083978305041 5.93566867178277 5.94787593370225
1.28310563601527 1.67288189587777 2.0830167852789 2.47361316299078 2.82839512469256 3.15335168148645 3.44902109639705 3.72025740848453 3.96076700812835 4.17149490467148 4.36357746255832 4.54618020504146 4.71842861846692 4.8788515163849 5.02743426668748 5.16591536233077 5.29349513764909 5.40835823580016 5.50907726884726 5.59544635462711 5.66848705859393 5.72941859348996 5.7796034093952 5.82041323375261 5.85360163763639 5.88065557088549 5.90276259922406 5.92083978305041 5.93566867178277 5.94787593370225
1.28310563601527 1.67288189587777 2.0830167852789 2.47361316299078 2.82839512469256 3.15335168148645 3.44902109639705 3.72025740848453 3.96076700812835 4.17149490467148 4.36357746255832 4.54618020504146 4.71842861846692 4.8788515163849 5.02743426668748 5.16591536233077 5.29349513764909 5.40835823580016 5.50907726884726 5.59544635462711 5.66848705859393 5.72941859348996 5.7796034093952 5.82041323375261 5.85360163763639 5.88065557088549 5.90276259922406 5.92083978305041 5.93566867178277 5.94787593370225
1.28310563601527 1.67288189587777 2.0830167852789 2.47361316299078 2.82839512469256 3.15335168148645 3.44902109639705 3.72025740848453 3.96076700812835 4.17149490467148 4.36357746255832 4.54618020504146 4.71842861846692 4.8788515163849 5.02743426668748 5.16591536233077 5.29349513764909 5.40835823580016 5.50907726884726 5.59544635462711 5.66848705859393 5.72941859348996 5.7796034093952 5.82041323375261 5.85360163763639 5.88065557088549 5.90276259922406 5.92083978305041 5.93566867178277 5.94787593370225
1.28310563601527 1.67288189587777 2.0830167852789 2.47361316299078 2.82839512469256 3.15335168148645 3.44902109639705 3.72025740848453 3.96076700812835 4.17149490467148 4.36357746255832 4.54618020504146 4.71842861846692 4.8788515163849 5.02743426668748 5.16591536233077 5.29349513764909 5.40835823580016 5.50907726884726 5.59544635462711 5.66848705859393 5.72941859348996 5.7796034093952 5.82041323375261 5.85360163763639 5.88065557088549 5.90276259922406 5.92083978305041 5.93566867178277 5.94787593370225
1.28310563601527 1.67288189587777 2.0830167852789 2.47361316299078 2.82839512469256 3.15335168148645 3.44902109639705 3.72025740848453 3.96076700812835 4.17149490467148 4.36357746255832 4.54618020504146 4.71842861846692 4.8788515163849 5.02743426668748 5.16591536233077 5.29349513764909 5.40835823580016 5.50907726884726 5.59544635462711 5.66848705859393 5.72941859348996 5.7796034093952 5.82041323375261 5.85360163763639 5.88065557088549 5.90276259922406 5.92083978305041 5.93566867178277 5.94787593370225
1.28310563601527 1.67288189587777 2.0830167852789 2.47361316299078 2.82839512469256 3.15335168148645 3.44902109639705 3.72025740848453 3.96076700812835 4.17149490467148 4.36357746255832 4.54618020504146 4.71842861846692 4.8788515163849 5.02743426668748 5.16591536233077 5.29349513764909 5.40835823580016 5.50907726884726 5.59544635462711 5.66848705859393 5.72941859348996 5.7796034093952 5.82041323375261 5.85360163763639 5.88065557088549 5.90276259922406 5.92083978305041 5.93566867178277 5.94787593370225
1.28310563601527 1.67288189587777 2.0830167852789 2.47361316299078 2.82839512469256 3.15335168148645 3.44902109639705 3.72025740848453 3.96076700812835 4.17149490467148 4.36357746255832 4.54618020504146 4.71842861846692 4.8788515163849 5.02743426668748 5.16591536233077 5.29349513764909 5.40835823580016 5.50907726884726 5.59544635462711 5.66848705859393 5.72941859348996 5.7796034093952 5.82041323375261 5.85360163763639 5.88065557088549 5.90276259922406 5.92083978305041 5.93566867178277 5.94787593370225
1.28310563601527 1.67288189587777 2.0830167852789 2.47361316299078 2.82839512469256 3.15335168148645 3.44902109639705 3.72025740848453 3.96076700812835 4.17149490467148 4.36357746255832 4.54618020504146 4.71842861846692 4.8788515163849 5.02743426668748 5.16591536233077 5.29349513764909 5.40835823580016 5.50907726884726 5.59544635462711 5.66848705859393 5.72941859348996 5.7796034093952 5.82041323375261 5.85360163763639 5.88065557088549 5.90276259922406 5.92083978305041 5.93566867178277 5.94787593370225
1.28310563601527 1.67288189587777 2.0830167852789 2.47361316299078 2.82839512469256 3.15335168148645 3.44902109639705 3.72025740848453 3.96076700812835 4.17149490467148 4.36357746255832 4.54618020504146 4.71842861846692 4.8788515163849 5.02743426668748 5.16591536233077 5.29349513764909 5.40835823580016 5.50907726884726 5.59544635462711 5.66848705859393 5.72941859348996 5.7796034093952 5.82041323375261 5.85360163763639 5.88065557088549 5.90276259922406 5.92083978305041 5.93566867178277 5.94787593370225
1.28310563601527 1.67288189587777 2.0830167852789 2.47361316299078 2.82839512469256 3.15335168148645 3.44902109639705 3.72025740848453 3.96076700812835 4.17149490467148 4.36357746255832 4.54618020504146 4.71842861846692 4.8788515163849 5.02743426668748 5.16591536233077 5.29349513764909 5.40835823580016 5.50907726884726 5.59544635462711 5.66848705859393 5.72941859348996 5.7796034093952 5.82041323375261 5.85360163763639 5.88065557088549 5.90276259922406 5.92083978305041 5.93566867178277 5.94787593370225
1.28310563601527 1.67288189587777 2.0830167852789 2.47361316299078 2.82839512469256 3.15335168148645 3.44902109639705 3.72025740848453 3.96076700812835 4.17149490467148 4.36357746255832 4.54618020504146 4.71842861846692 4.8788515163849 5.02743426668748 5.16591536233077 5.29349513764909 5.40835823580016 5.50907726884726 5.59544635462711 5.66848705859393 5.72941859348996 5.7796034093952 5.82041323375261 5.85360163763639 5.88065557088549 5.90276259922406 5.92083978305041 5.93566867178277 5.94787593370225
1.28310563601527 1.67288189587777 2.0830167852789 2.47361316299078 2.82839512469256 3.15335168148645 3.44902109639705 3.72025740848453 3.96076700812835 4.17149490467148 4.36357746255832 4.54618020504146 4.71842861846692 4.8788515163849 5.02743426668748 5.16591536233077 5.29349513764909 5.40835823580016 5.50907726884726 5.59544635462711 5.66848705859393 5.72941859348996 5.7796034093952 5.82041323375261 5.85360163763639 5.88065557088549 5.90276259922406 5.92083978305041 5.93566867178277 5.94787593370225
1.28310563601527 1.67288189587777 2.0830167852789 2.47361316299078 2.82839512469256 3.15335168148645 3.44902109639705 3.72025740848453 3.96076700812835 4.17149490467148 4.36357746255832 4.54618020504146 4.71842861846692 4.8788515163849 5.02743426668748 5.16591536233077 5.29349513764909 5.40835823580016 5.50907726884726 5.59544635462711 5.66848705859393 5.72941859348996 5.7796034093952 5.82041323375261 5.85360163763639 5.88065557088549 5.90276259922406 5.92083978305041 5.93566867178277 5.94787593370225
1.28310563601527 1.67288189587777 2.0830167852789 2.47361316299078 2.82839512469256 3.15335168148645 3.44902109639705 3.72025740848453 3.96076700812835 4.17149490467148 4.36357746255832 4.54618020504146 4.71842861846692 4.8788515163849 5.02743426668748 5.16591536233077 5.29349513764909 5.40835823580016 5.50907726884726 5.59544635462711 5.66848705859393 5.72941859348996 5.7796034093952 5.82041323375261 5.85360163763639 5.88065557088549 5.90276259922406 5.92083978305041 5.93566867178277 5.94787593370225
1.28310563601527 1.67288189587777 2.0830167852789 2.47361316299078 2.82839512469256 3.15335168148645 3.44902109639705 3.72025740848453 3.96076700812835 4.17149490467148 4.36357746255832 4.54618020504146 4.71842861846692 4.8788515163849 5.02743426668748 5.16591536233077 5.29349513764909 5.40835823580016 5.50907726884726 5.59544635462711 5.66848705859393 5.72941859348996 5.7796034093952 5.82041323375261 5.85360163763639 5.88065557088549 5.90276259922406 5.92083978305041 5.93566867178277 5.94787593370225
1.28310563601527 1.67288189587777 2.0830167852789 2.47361316299078 2.82839512469256 3.15335168148645 3.44902109639705 3.72025740848453 3.96076700812835 4.17149490467148 4.36357746255832 4.54618020504146 4.71842861846692 4.8788515163849 5.02743426668748 5.16591536233077 5.29349513764909 5.40835823580016 5.50907726884726 5.59544635462711 5.66848705859393 5.72941859348996 5.7796034093952 5.82041323375261 5.85360163763639 5.88065557088549 5.90276259922406 5.92083978305041 5.93566867178277 5.94787593370225
1.28310563601527 1.67288189587777 2.0830167852789 2.47361316299078 2.82839512469256 3.15335168148645 3.44902109639705 3.72025740848453 3.96076700812835 4.17149490467148 4.36357746255832 4.54618020504146 4.71842861846692 4.8788515163849 5.02743426668748 5.16591536233077 5.29349513764909 5.40835823580016 5.50907726884726 5.59544635462711 5.66848705859393 5.72941859348996 5.7796034093952 5.82041323375261 5.85360163763639 5.88065557088549 5.90276259922406 5.92083978305041 5.93566867178277 5.94787593370225
1.28310563601527 1.67288189587777 2.0830167852789 2.47361316299078 2.82839512469256 3.15335168148645 3.44902109639705 3.72025740848453 3.96076700812835 4.17149490467148 4.36357746255832 4.54618020504146 4.71842861846692 4.8788515163849 5.02743426668748 5.16591536233077 5.29349513764909 5.40835823580016 5.50907726884726 5.59544635462711 5.66848705859393 5.72941859348996 5.7796034093952 5.82041323375261 5.85360163763639 5.88065557088549 5.90276259922406 5.92083978305041 5.93566867178277 5.94787593370225
1.28310563601527 1.67288189587777 2.0830167852789 2.47361316299078 2.82839512469256 3.15335168148645 3.44902109639705 3.72025740848453 3.96076700812835 4.17149490467148 4.36357746255832 4.54618020504146 4.71842861846692 4.8788515163849 5.02743426668748 5.16591536233077 5.29349513764909 5.40835823580016 5.50907726884726 5.59544635462711 5.66848705859393 5.72941859348996 5.7796034093952 5.82041323375261 5.85360163763639 5.88065557088549 5.90276259922406 5.92083978305041 5.93566867178277 5.94787593370225
1.28310563601527 1.67288189587777 2.0830167852789 2.47361316299078 2.82839512469256 3.15335168148645 3.44902109639705 3.72025740848453 3.96076700812835 4.17149490467148 4.36357746255832 4.54618020504146 4.71842861846692 4.8788515163849 5.02743426668748 5.16591536233077 5.29349513764909 5.40835823580016 5.50907726884726 5.59544635462711 5.66848705859393 5.72941859348996 5.7796034093952 5.82041323375261 5.85360163763639 5.88065557088549 5.90276259922406 5.92083978305041 5.93566867178277 5.94787593370225
1.28310563601527 1.67288189587777 2.0830167852789 2.47361316299078 2.82839512469256 3.15335168148645 3.44902109639705 3.72025740848453 3.96076700812835 4.17149490467148 4.36357746255832 4.54618020504146 4.71842861846692 4.8788515163849 5.02743426668748 5.16591536233077 5.29349513764909 5.40835823580016 5.50907726884726 5.59544635462711 5.66848705859393 5.72941859348996 5.7796034093952 5.82041323375261 5.85360163763639 5.88065557088549 5.90276259922406 5.92083978305041 5.93566867178277 5.94787593370225
1.28310563601527 1.67288189587777 2.0830167852789 2.47361316299078 2.82839512469256 3.15335168148645 3.44902109639705 3.72025740848453 3.96076700812835 4.17149490467148 4.36357746255832 4.54618020504146 4.71842861846692 4.8788515163849 5.02743426668748 5.16591536233077 5.29349513764909 5.40835823580016 5.50907726884726 5.59544635462711 5.66848705859393 5.72941859348996 5.7796034093952 5.82041323375261 5.85360163763639 5.88065557088549 5.90276259922406 5.92083978305041 5.93566867178277 5.94787593370225
1.28310563601527 1.67288189587777 2.0830167852789 2.47361316299078 2.82839512469256 3.15335168148645 3.44902109639705 3.72025740848453 3.96076700812835 4.17149490467148 4.36357746255832 4.54618020504146 4.71842861846692 4.8788515163849 5.02743426668748 5.16591536233077 5.29349513764909 5.40835823580016 5.50907726884726 5.59544635462711 5.66848705859393 5.72941859348996 5.7796034093952 5.82041323375261 5.85360163763639 5.88065557088549 5.90276259922406 5.92083978305041 5.93566867178277 5.94787593370225
1.28310563601527 1.67288189587777 2.0830167852789 2.47361316299078 2.82839512469256 3.15335168148645 3.44902109639705 3.72025740848453 3.96076700812835 4.17149490467148 4.36357746255832 4.54618020504146 4.71842861846692 4.8788515163849 5.02743426668748 5.16591536233077 5.29349513764909 5.40835823580016 5.50907726884726 5.59544635462711 5.66848705859393 5.72941859348996 5.7796034093952 5.82041323375261 5.85360163763639 5.88065557088549 5.90276259922406 5.92083978305041 5.93566867178277 5.94787593370225
1.28310563601527 1.67288189587777 2.0830167852789 2.47361316299078 2.82839512469256 3.15335168148645 3.44902109639705 3.72025740848453 3.96076700812835 4.17149490467148 4.36357746255832 4.54618020504146 4.71842861846692 4.8788515163849 5.02743426668748 5.16591536233077 5.29349513764909 5.40835823580016 5.50907726884726 5.59544635462711 5.66848705859393 5.72941859348996 5.7796034093952 5.82041323375261 5.85360163763639 5.88065557088549 5.90276259922406 5.92083978305041 5.93566867178277 5.94787593370225
1.28310563601527 1.67288189587777 2.0830167852789 2.47361316299078 2.82839512469256 3.15335168148645 3.44902109639705 3.72025740848453 3.96076700812835 4.17149490467148 4.36357746255832 4.54618020504146 4.71842861846692 4.8788515163849 5.02743426668748 5.16591536233077 5.29349513764909 5.40835823580016 5.50907726884726 5.59544635462711 5.66848705859393 5.72941859348996 5.7796034093952 5.82041323375261 5.85360163763639 5.88065557088549 5.90276259922406 5.92083978305041 5.93566867178277 5.94787593370225
1.28310563601527 1.67288189587777 2.0830167852789 2.47361316299078 2.82839512469256 3.15335168148645 3.44902109639705 3.72025740848453 3.96076700812835 4.17149490467148 4.36357746255832 4.54618020504146 4.71842861846692 4.8788515163849 5.02743426668748 5.16591536233077 5.29349513764909 5.40835823580016 5.50907726884726 5.59544635462711 5.66848705859393 5.72941859348996 5.7796034093952 5.82041323375261 5.85360163763639 5.88065557088549 5.90276259922406 5.92083978305041 5.93566867178277 5.94787593370225
1.28310563601527 1.67288189587777 2.0830167852789 2.47361316299078 2.82839512469256 3.15335168148645 3.44902109639705 3.72025740848453 3.96076700812835 4.17149490467148 4.36357746255832 4.54618020504146 4.71842861846692 4.8788515163849 5.02743426668748 5.16591536233077 5.29349513764909 5.40835823580016 5.50907726884726 5.59544635462711 5.66848705859393 5.72941859348996 5.7796034093952 5.82041323375261 5.85360163763639 5.88065557088549 5.90276259922406 5.92083978305041 5.93566867178277 5.94787593370225
1.28310563601527 1.67288189587777 2.0830167852789 2.47361316299078 2.82839512469256 3.15335168148645 3.44902109639705 3.72025740848453 3.96076700812835 4.17149490467148 4.36357746255832 4.54618020504146 4.71842861846692 4.8788515163849 5.02743426668748 5.16591536233077 5.29349513764909 5.40835823580016 5.50907726884726 5.59544635462711 5.66848705859393 5.72941859348996 5.7796034093952 5.82041323375261 5.85360163763639 5.88065557088549 5.90276259922406 5.92083978305041 5.93566867178277 5.94787593370225
1.28310563601527 1.67288189587777 2.0830167852789 2.47361316299078 2.82839512469256 3.15335168148645 3.44902109639705 3.72025740848453 3.96076700812835 4.17149490467148 4.36357746255832 4.54618020504146 4.71842861846692 4.8788515163849 5.02743426668748 5.16591536233077 5.29349513764909 5.40835823580016 5.50907726884726 5.59544635462711 5.66848705859393 5.72941859348996 5.7796034093952 5.82041323375261 5.85360163763639 5.88065557088549 5.90276259922406 5.92083978305041 5.93566867178277 5.94787593370225
1.28310563601527 1.67288189587777 2.0830167852789 2.47361316299078 2.82839512469256 3.15335168148645 3.44902109639705 3.72025740848453 3.96076700812835 4.17149490467148 4.36357746255832 4.54618020504146 4.71842861846692 4.8788515163849 5.02743426668748 5.16591536233077 5.29349513764909 5.40835823580016 5.50907726884726 5.59544635462711 5.66848705859393 5.72941859348996 5.7796034093952 5.82041323375261 5.85360163763639 5.88065557088549 5.90276259922406 5.92083978305041 5.93566867178277 5.94787593370225
1.28310563601527 1.67288189587777 2.0830167852789 2.47361316299078 2.82839512469256 3.15335168148645 3.44902109639705 3.72025740848453 3.96076700812835 4.17149490467148 4.36357746255832 4.54618020504146 4.71842861846692 4.8788515163849 5.02743426668748 5.16591536233077 5.29349513764909 5.40835823580016 5.50907726884726 5.59544635462711 5.66848705859393 5.72941859348996 5.7796034093952 5.82041323375261 5.85360163763639 5.88065557088549 5.90276259922406 5.92083978305041 5.93566867178277 5.94787593370225
1.35115860890916 1.89147315969801 2.48690100974992 2.95888563294214 3.31580539722184 3.65062952410402 3.96027944607997 4.22866662934244 4.44030108278565 4.60555430832849 4.7331143744791 4.83704074444447 4.92383736519113 5.00013675014465 5.07325334746539 5.1501709051934 5.23149778949036 5.31519430389524 5.39753884504501 5.47439203099323 5.54559364843859 5.61015574958237 5.6678852678952 5.71875383560977 5.76307064771892 5.80140360249152 5.8345159146965 5.86291061728323 5.88734179041054 5.90838590628494
1.33347937587173 1.86181411547239 2.50786954579805 3.12037290252909 3.54409965943988 3.84156138164479 4.07612731416249 4.30755483739507 4.52341310642357 4.70417498117605 4.83961572319547 4.94093913213996 5.01812968656222 5.08104635746755 5.13815571190366 5.19837771355328 5.26158822713172 5.32607135416415 5.38968860276826 5.45046487885801 5.50883388066724 5.56493295384779 5.61847943335691 5.66885967879018 5.7154198690619 5.7576209352035 5.7954328443993 5.82888868925324 5.85834530224667 5.88425119077831
1.30021710471192 1.74005572914329 2.25674332537843 2.84372236095504 3.4060019248792 3.85555400821012 4.15837848125355 4.3815622517199 4.58245768009909 4.76315799913295 4.91526410104114 5.03677254503641 5.12316492574471 5.18309607384454 5.2268507941597 5.27072946553866 5.31643946095642 5.36335571751516 5.4088078616799 5.45273030074505 5.49606064813658 5.54009864674771 5.58489187320797 5.62977413045261 5.67357018960047 5.71500855739586 5.75367012658575 5.7891561938166 5.82156211252492 5.85114109155268
1.29935785414735 1.72475621439157 2.14416284183978 2.59987797969328 3.14540156398518 3.70604405834289 4.1253887094937 4.42466905728396 4.65520065099531 4.84552248391215 5.00967477759579 5.14828111709125 5.25378220328087 5.32922901890283 5.3816947055801 5.42442097335658 5.46054724378843 5.49211903193135 5.51938232914915 5.5433806205701 5.56640958750928 5.59056124935324 5.61682391506353 5.64509502047439 5.67477623939064 5.70497323488818 5.7353418903539 5.76525635016619 5.7944473527234 5.82273847448844
1.30639515811956 1.71476394549805 2.06175071682408 2.38790275305363 2.80548006159275 3.33274862141452 3.81713365804162 4.19017837923628 4.468987430475 4.70231621219225 4.91392248679107 5.09492105702825 5.23620417575243 5.3410509442033 5.41821401990337 5.47918131840371 5.52739821186984 5.56674516515338 5.59786716071359 5.62169587277851 5.64063160710405 5.65701675724318 5.6727405475197 5.68858796583379 5.70515836908143 5.72277623657186 5.74185328467595 5.76206993245705 5.78344591786391 5.8057837173689
1.33326143309159 1.79607516777905 2.21027850970755 2.57036788524205 2.95247107694236 3.36789202506785 3.77832864338317 4.13474369617518 4.4271180074336 4.67606391813983 4.894311061994 5.075850508752 5.21964239566051 5.33203001718481 5.42125597676662 5.49605529154602 5.55843602171924 5.610557007524 5.65249805484449 5.68435452112388 5.70810816590885 5.7256319492539 5.73903364718378 5.74971594531794 5.7588837116557 5.76749802584201 5.77655129727668 5.78640162793199 5.79762721538047 5.810481495065
1.33583127185228 1.82087165325906 2.32499626717776 2.78889204612327 3.16288296256284 3.48819975497286 3.80191418132757 4.10025492725356 4.38147974617213 4.64463063679021 4.88105260438192 5.07467445393918 5.225803672807 5.34392749558254 5.44077484116947 5.52390379507552 5.59404807242437 5.65281435026392 5.70005095125857 5.73637446781571 5.76361346903573 5.78329801527142 5.79733010977425 5.80701061863953 5.81360685667744 5.81811695130802 5.8216274838142 5.82476097470803 5.82816947516962 5.83238375263133
1.33339751349172 1.80434163084745 2.29968134284182 2.78171075938577 3.1274174635889 3.37099939665614 3.59785426523399 3.83258085979474 4.08577342259917 4.35905795420348 4.64789986365911 4.91653266357651 5.14047502293325 5.31803592996347 5.45520037078487 5.56111022574281 5.64183723971964 5.70397434045298 5.75159464531382 5.78768059806445 5.81476020331702 5.83470157037351 5.8491815251866 5.85929839629674 5.86611878617201 5.8704170672584 5.87289967383753 5.87408641591764 5.8744431920397 5.87444335121788
1.32411863595831 1.77486332382656 2.18473715799692 2.56848729164573 2.93362664759945 3.25370162057327 3.53812578111434 3.7978274509976 4.04720711806587 4.30238955344351 4.57633342290112 4.84549357336836 5.08325912166484 5.28259597573745 5.44358397517003 5.5701150694222 5.66645879868447 5.73849791102966 5.79175563329507 5.83084719601494 5.85955976318624 5.8804631045069 5.89553610854691 5.90612546175136 5.91330250269756 5.91782099691134 5.92024863620584 5.92098871751233 5.92036921663011 5.91869138775108
1.33852844954872 1.83277195120673 2.29474081118135 2.61777949909682 2.90621437422937 3.19738550398672 3.45253849925525 3.68942837040934 3.92937833129312 4.18976692680074 4.47175531444651 4.75510814085005 5.01039839926841 5.22926317094195 5.41105370182062 5.55738886998769 5.67031476626575 5.75429274262617 5.81548036466219 5.85960219601179 5.8913119863519 5.91399322731101 5.93014145238284 5.94148241824548 5.94925409873235 5.95432392861729 5.9572898304935 5.95853472220058 5.95831549570882 5.95684470832003
1.33761234556546 1.8274985745781 2.31860947004139 2.71473823076422 3.003564686997 3.23393381651423 3.44234876839914 3.62977083275255 3.79584035787208 3.97646448060472 4.19732067832003 4.45760002721554 4.73424800772541 5.00321632330591 5.24407104202471 5.44548190842801 5.60314235807774 5.71969608489642 5.80294707972911 5.86125917257673 5.90178281530643 5.92985394135173 5.94928111543942 5.96273175796525 5.97197808318555 5.97820974805621 5.98222176510611 5.98452527553709 5.98543744073463 5.98516580397769
1.32408080247202 1.80463538871818 2.31265069434078 2.77259811450418 3.12407901952579 3.37171672164471 3.5578034848284 3.70673396199413 3.82587863896232 3.94349756032024 4.09315520709992 4.29544816349076 4.53922769243035 4.80626820466362 5.07136313883208 5.31021875493212 5.50681551515164 5.65676667746407 5.76549531623082 5.84196515281223 5.89474349894263 5.93082550601488 5.95537008628848 5.97207485564463 5.98345997616527 5.99119193799869 5.99637606486292 5.99973338587773 6.0017153383093 6.00260999968199
1.29762091484479 1.73953248430655 2.24983318792901 2.78015674701228 3.23993224397425 3.56296060521379 3.75343025873596 3.87613424402299 3.9710783179298 4.05346065695119 4.13922025485385 4.25583719965299 4.42179948712499 4.6358740103643 4.88466747980338 5.13802540025716 5.36796188379938 5.55639533752418 5.69894778247315 5.80127676121179 5.87214982495361 5.92031522743405 5.95258234537252 5.97408040025055 5.98842848091396 5.99799565493525 6.00437918101078 6.00862020481657 6.01137593334144 6.01306626375914
1.26516191712185 1.66431177844481 2.13464802519919 2.61865920886023 3.05386180326401 3.42437395181469 3.69698447248562 3.86490901829961 3.95384610283978 4.00029168134016 4.03713301198093 4.10081711373977 4.21883945303597 4.3970811230766 4.63083235224621 4.89540611490291 5.15923679135587 5.39263859598148 5.57984181013789 5.7197648056051 5.81919755214032 5.88780266300329 5.93400477853484 5.9646338109586 5.98475106480081 5.99787442080267 6.00642261976056 6.01199539256411 6.01562349455518 6.01796579646862
1.20909198317572 1.52145914784978 1.91709890529486 2.35879817214725 2.80702886986526 3.24570609733781 3.61764031811116 3.89086164621962 4.0669165598023 4.16528959644533 4.21895362197322 4.26423822476708 4.33414455109584 4.44654183342979 4.6083090254133 4.81421405098587 5.04410262797147 5.26918563343911 5.46690987903282 5.62742271181899 5.74995383410646 5.83949217641407 5.90247110225812 5.94540110041579 5.97395456752645 5.99256240219208 6.00451770812705 6.01213142041567 6.01695929339773 6.02001690335871
1.18478421969342 1.42316573262238 1.70593820079275 2.03536552465848 2.42046501909188 2.84488914340418 3.24574504336839 3.58156872100342 3.83210746258405 3.99495151336975 4.09618772742088 4.17616483302574 4.26984304520493 4.38628035767066 4.52959926142495 4.70729386687877 4.913675502145 5.12880155103177 5.33178957338958 5.50916342510845 5.65437492951591 5.76734940314508 5.85124963560908 5.91106367043396 5.95229111936874 5.97977289283891 5.9975709899551 6.00882176234205 6.01580257540213 6.0200819212684
1.21399787616538 1.46224891584498 1.68749964821628 1.90256123294397 2.17332841932994 2.51607180890858 2.91197867478237 3.31801825608792 3.6656676661762 3.9250304711798 4.11209213653808 4.25767517932115 4.38193633951164 4.4973854315754 4.61139517271068 4.73986102400519 4.89268111334612 5.06324839083603 5.23832936957579 5.40533996469094 5.55452367340249 5.68074005444867 5.78216507782 5.85986138625203 5.916885918836 5.95685547793847 5.98368858608451 6.00099803541483 6.01176903230833 6.01827593073383
1.25992977644088 1.58642792227072 1.88926462449064 2.13294967112259 2.34494608653716 2.58683041557516 2.88742596112192 3.23945741640543 3.58239935655546 3.86186458958945 4.08198625846794 4.27558181924678 4.45343089371088 4.6154992445941 4.75987021985412 4.89158887342492 5.02265942889235 5.15492371214138 5.28865989646354 5.41825876552993 5.53939497296509 5.64820522283612 5.7421943697009 5.82030988743603 5.88286927486436 5.93062128308721 5.96528271374722 5.98915687462374 6.00477145464664 6.01449533208945
1.27387072367775 1.66499716371504 2.07758209920135 2.39302722868967 2.60037110538446 2.79712290217728 3.05936672757818 3.3856966949026 3.71412090980146 3.98907270343583 4.20891688168346 4.4023437368106 4.57622080142112 4.7270677582166 4.85951539738415 4.9788845544225 5.09392614031209 5.20667768914661 5.31847260197473 5.42698990914684 5.53005321669448 5.62506015985616 5.71054341174407 5.78541985285559 5.84925244533551 5.90151389098762 5.94239195154422 5.97271410556803 5.993945501744 6.00796046941406
1.24171856497914 1.61455345667826 2.10677428219376 2.57762308181942 2.86999805918701 3.07090892834116 3.26471578754533 3.49117054112734 3.73413381891694 3.95783524188216 4.16270196340132 4.36229300251259 4.55671509766939 4.73314624370275 4.8897802976597 5.02755945884858 5.14953948714001 5.26008648292476 5.36270481987075 5.45762071190118 5.54547896591491 5.62595311655468 5.69921535748985 5.76544703762692 5.82470588695177 5.87629059606346 5.91949765482516 5.95401654376485 5.98007907886911 5.99858613158248
1.18504695449793 1.45586015390658 1.84255449007777 2.31645259394296 2.71780949269177 3.00091746224011 3.21826578198336 3.41198812111903 3.59692337488342 3.79227774511588 4.01249120297181 4.24545717139077 4.47139099033725 4.67335542552327 4.85090872864259 5.00629241216743 5.14220973432467 5.26267922854776 5.37066619945001 5.46714168297688 5.55361926571191 5.63049756706184 5.6987193707963 5.75933918694925 5.81348120766553 5.86147731094482 5.90315531672782 5.93826128511333 5.96654422144288 5.98812673851229
1.23246529386092 1.51061109906729 1.81337325776439 2.20063521775404 2.6227053553712 3.01415095050518 3.35267657419778 3.62213987463719 3.82498580328417 3.99804676797972 4.17637886551715 4.37038201179456 4.5650132764566 4.74688755896614 4.91010048439851 5.05681758078214 5.18759499207837 5.30447499507742 5.40872244119627 5.50112696523657 5.58254166157278 5.65352317853673 5.71524788509146 5.76889795844083 5.81622913163433 5.85839272902167 5.89571373100188 5.92833328199639 5.956013659149 5.9785104163744
1.23928742827417 1.52404095237457 1.80349625713905 2.08257386856021 2.42135903234465 2.78455987366089 3.15257224203267 3.48663347330095 3.75973611299935 3.98512054828597 4.19366029053783 4.40434264547164 4.6105793946535 4.8024659727582 4.97249468172042 5.11972601557075 5.24572824556188 5.35510034407724 5.45199799704432 5.53840053112221 5.61508635817457 5.68178241975639 5.73886707710788 5.78695318681682 5.82813998802051 5.86429954017482 5.89619257630386 5.9246196821785 5.9496790687936 5.97112768336066
1.26413769524747 1.52431638203905 1.82267610511008 2.14371472113089 2.43969210590271 2.73995669021014 3.08696871704573 3.45752190438048 3.79077876688038 4.05415061716084 4.26815760328478 4.46655245671203 4.65657728051035 4.83506479099474 4.99421565934431 5.13279756690656 5.25328860211681 5.35983580693713 5.45603405737458 5.54438123483975 5.62491103793905 5.69618469040994 5.75686781016903 5.80625063583716 5.84650022073751 5.88000857757093 5.90796471420504 5.93185272110077 5.95261204925569 5.97060552583367
1.28630527272998 1.59159670113138 1.85566399255313 2.13649693180848 2.46335426725502 2.76225247482824 3.06528553797162 3.41168358721266 3.76015975326665 4.06524136469064 4.31854729637104 4.54097405289651 4.73759613417317 4.90854798996591 5.05482486771387 5.1810634546455 5.29343309767421 5.39643769211279 5.49164904122588 5.57985223539323 5.65988414974763 5.72938958445251 5.78685306757355 5.83217519460411 5.86787134286475 5.89675924082132 5.92055866726202 5.94063173460193 5.95791619310011 5.97295896085168
1.30402801905029 1.68805519490422 2.0161266947298 2.21449522007862 2.40303193605368 2.61186507838906 2.84497737946482 3.12911513281256 3.44265962719329 3.74883723153075 4.0306731119701 4.28979513514067 4.51953970506083 4.71886716154308 4.8899097422942 5.04065860662126 5.17887738107309 5.30820685938162 5.42820288856962 5.53837077859305 5.63670891530124 5.72069370743732 5.78805521299773 5.83879633953233 5.87655933524294 5.90562451903055 5.92867956743708 5.94743052730924 5.96302827597204 5.97626323879895
1.26896697891278 1.60271324912586 1.91580173896028 2.16871052428673 2.3617397318815 2.50756258439574 2.65931489372225 2.85608014319575 3.08216001317537 3.32629468212796 3.58607164619696 3.85574882670391 4.11577357961929 4.35502977806816 4.56883020437108 4.76237151133122 4.94092998345446 5.10689536052862 5.25905105640697 5.3971940833924 5.51986294999101 5.62578018202438 5.71356046955952 5.78301757788891 5.83672490128018 5.87829065495548 5.91054538874902 5.93577766788942 5.95571445641486 5.97168801843619
1.27719485920913 1.63081555790139 1.96512905745996 2.25080996606705 2.47961186946466 2.65479496712262 2.80767132281988 2.96896153334841 3.14089702965344 3.32387889442434 3.52052077255839 3.73063055846399 3.94511935277288 4.1562488206208 4.35813758062017 4.55015952922907 4.73311667846712 4.90732360388893 5.07143630896692 5.22454789456108 5.36495244813257 5.4908144434782 5.6000490831433 5.69127462709553 5.76527687380517 5.82432249077354 5.87084384489193 5.90723325196888 5.93560139840466 5.95774320505435
