# Number of years length comps: nyrs_fish1lens
33
# Survey length comps years
1990 1991 1992 1993 1994 1995 1996 1997 1998 1999 2000 2001 2002 2003 2004 2005 2006 2007 2008 2009 2010 2011 2012 2013 2014 2015 2016 2017 2018 2019 2020 2021 2022
# Number of samples: nsamples_fish1_age(1,nyrs_fish1lens)
22 22 23 23 14 19 17 22 16 38 42 41 41 44 40 44 42 40 36 38 37 38 36 36 38 38 34 30 31 31 25 33 34
# Observed survey length compositions (proportions at age): osc_srv(1,nyrs_fish1lens,1,nlens*2)
0.000207425845260319 0.0010371292263016 0.00269653598838415 0.00463251054414713 0.00822789186199267 0.0130678282514001 0.016870635414506 0.0197745972481505 0.0215031459586531 0.0266887920901611 0.0308373089953675 0.0375440779921178 0.0444582728341285 0.0495747770172163 0.0490216414298555 0.0465325312867317 0.0412086012583835 0.0348475420037337 0.0281407730069833 0.0206043006291917 0.0161792159303049 0.0103021503145959 0.0064302012030699 0.00463251054414713 0.00283481988522437 0.00200511650418309 0.00131369701998202 0.000691419484201065 0.000483993638940745 0.000691419484201065 0.000276567793680426 0.0010371292263016 0.00248911014312383 0.00511650418308788 0.00947244693355459 0.0154877964461039 0.0199128811449907 0.0248219594828182 0.0309755928922077 0.0411394593099634 0.0483993638940745 0.0522021710571804 0.0508193320887783 0.0434211436078269 0.0339486966742723 0.022056281546014 0.0150729447555832 0.0109244278503768 0.00670676899675033 0.00477079444098735 0.00414851690520639 0.00311138767890479 0.00269653598838415 0.00179769065892277 0.00179769065892277 0.00131369701998202 0.000691419484201065 0.000829703381041278 0.000829703381041278 0.000691419484201065
0.000444168073198898 0.00106600337567736 0.00106600337567736 0.00222084036599449 0.00408634627342987 0.00719552278582215 0.0105712001421338 0.013325042195967 0.0156347161766012 0.0194545616061118 0.0247845784844985 0.0334014391045572 0.04033046104646 0.0470818157590832 0.0510793284178733 0.0496579905836368 0.0496579905836368 0.0462823132273252 0.0405081282757395 0.0318912676556809 0.0244292440259394 0.0170560540108377 0.0109265346006929 0.00772852447366083 0.00364217820023097 0.00142133783423647 0.00195433952207515 0.00124367060495692 0.000888336146397797 0.00124367060495692 0.000355334458559119 0.000621835302478458 0.00115483699031714 0.00248734120991383 0.0043528471173492 0.00852802700541885 0.01208137159101 0.0169672203961979 0.0214977347428267 0.0328684374167185 0.041929466109976 0.0515234964910722 0.0528560007106689 0.0504574931153949 0.0415741316514169 0.0321577684996002 0.0235409078795416 0.0156347161766012 0.0102158656835747 0.00639602025406414 0.00444168073198898 0.00284267566847295 0.00159900506351603 0.00106600337567736 0.000621835302478458 0.000710668917118237 0.000444168073198898 0.000266500843919339 0.000266500843919339 0.000266500843919339
0.000580190634065479 0.000828843762950684 0.0015748031496063 0.00207210940737671 0.0049730625777041 0.00845420638209697 0.0104434314131786 0.010857853294654 0.0131786158309159 0.015748031496063 0.0190634065478657 0.0246166597596353 0.0353916286779942 0.0440116038126813 0.0495648570244509 0.0513054289266473 0.055698300870286 0.0494819726481558 0.0404475756319934 0.0360547036883547 0.0261085785329465 0.0179859096560298 0.0116038126813096 0.00770824699544136 0.00439287194363862 0.00207210940737671 0.00174057190219644 0.00107749689183589 0.00099461251554082 0.00149191877331123 8.28843762950684e-05 0.000663075010360547 0.00107749689183589 0.00248653128885205 0.00596767509324492 0.00911728139245752 0.0110236220472441 0.0132615002072109 0.0224616659759635 0.0330708661417323 0.0459179444674679 0.0562784915043514 0.0581019477828429 0.0542892664732698 0.0454206382096975 0.0326564442602569 0.0247824285122254 0.0155822627434729 0.00911728139245752 0.00422710319104849 0.00265230004144219 0.00099461251554082 0.00049730625777041 0.000663075010360547 0 0 8.28843762950684e-05 0 0 0
0.000242385069079745 0.000565565161186071 0.00145431041447847 0.00298941585198352 0.00694837198028601 0.0119576634079341 0.0188252403651935 0.0231881716086289 0.0245616870000808 0.0298941585198352 0.0345802698553769 0.0355498101316959 0.0426597721580351 0.0427405671810616 0.0444372626646199 0.0431445422961946 0.0415286418356629 0.0383776359376262 0.0303789286579947 0.0275511028520643 0.0172901349276885 0.0128464086612265 0.0074331421184455 0.00509008645067464 0.00282782580593035 0.00177749050658479 0.00121192534539872 0.00121192534539872 0.000807950230265816 0.00105033529934556 0.000323180092106326 0.000565565161186071 0.00226226064474428 0.00541326654278097 0.0105033529934556 0.0151086693059708 0.0213298860790175 0.026258382483639 0.0328027793487921 0.0391047911448655 0.046537933263311 0.0493657590692413 0.0498505292074008 0.0456491880100186 0.0369233255231478 0.0269047426678517 0.0153510543750505 0.00993778783226953 0.00557485658883413 0.00347418599014301 0.00193908055263796 0.00113113032237214 0.000403975115132908 8.07950230265816e-05 0 0 8.07950230265816e-05 0 0 0
0 0 0.000164122763827343 0.00131298211061874 0.005744296733957 0.0160840308550796 0.0231413096996553 0.0223206958805186 0.0251107828655835 0.0270802560315116 0.0262596422123749 0.0295420974889217 0.03397341211226 0.0328245527654686 0.0380764812079435 0.0359428852781881 0.0369276218611521 0.0385688494994256 0.0305268340718858 0.028229115378303 0.0242901690464467 0.0200229771869358 0.0142786804529788 0.00902675201050386 0.00590841949778434 0.00558017397012966 0.00246184145741014 0.00196947316592811 0.00131298211061874 0.00147710487444609 0 0 0 0.00196947316592811 0.0068931560807484 0.0175611357295257 0.0237978007549647 0.0249466601017561 0.0297062202527491 0.0333169210569506 0.040702445429181 0.0446413917610373 0.0457902511078287 0.0443131462333826 0.0426719185951091 0.0346299031675693 0.0226489414081733 0.0188741178401444 0.0123092072870507 0.00590841949778434 0.00525192844247497 0.00213359592975546 0.00164122763827343 0.000984736582964057 0.000328245527654686 0.000164122763827343 0.000328245527654686 0.000328245527654686 0 0
0.000214316330904415 0.000321474496356622 0.000321474496356622 0.00085726532361766 0.00203600514359194 0.00610801543077583 0.0105015002143163 0.0171453064723532 0.0230390055722246 0.0288255465066438 0.0324689241320189 0.0361123017573939 0.0369695670810116 0.0392198885555079 0.0425417916845264 0.0447921131590227 0.0442563223317617 0.040827261037291 0.0373981997428204 0.0311830261465924 0.0272181740248607 0.0205743677668238 0.0135019288469781 0.0121088726960994 0.00750107158165452 0.00439348478354051 0.00278611230175739 0.00182168881268753 0.00107158165452207 0.00160737248178311 0.000214316330904415 0.000642948992713245 0.000321474496356622 0.00214316330904415 0.00600085726532362 0.00942991855979426 0.0173596228032576 0.0230390055722246 0.0286112301757394 0.0361123017573939 0.042863266180883 0.0492927561080154 0.0515430775825118 0.0484354907843978 0.0405057865409344 0.0306472353193313 0.0189669952850407 0.0122160308615517 0.00610801543077583 0.00417916845263609 0.00171453064723532 0.000750107158165452 0.000642948992713245 0.000214316330904415 0.000214316330904415 0.000107158165452207 0 0 0 0
0 0.000390675869253809 0.000390675869253809 0.000651126448756349 0.00182315405651778 0.00195337934626905 0.00351608282328428 0.00638103919781222 0.0106784737596041 0.0160177106394062 0.0235707774449798 0.0334678994660763 0.0373746581586144 0.041541867430655 0.0496158353952338 0.0500065112644876 0.0464904284412033 0.0447974996744368 0.0431045709076703 0.0371142075791119 0.031384294830056 0.0239614533142336 0.0182315405651778 0.0128923036853757 0.00807396796457872 0.00533923687980206 0.00182315405651778 0.00143247818726397 0.00104180231801016 0.00169292876676651 0.00013022528975127 0.000390675869253809 0.00013022528975127 0.000520901159005079 0.00260450579502539 0.00325563224378174 0.00742284151582237 0.0131527542648782 0.0194035681729392 0.031384294830056 0.0398489386638885 0.0466206537309546 0.0530016929287668 0.0543039458262795 0.0475322307592134 0.0372444328688631 0.027998437296523 0.0171897382471676 0.0156270347701524 0.00924599557234015 0.00807396796457872 0.00260450579502539 0.00221382992577158 0.0013022528975127 0.000781351738507618 0.00104180231801016 0.000651126448756349 0.000260450579502539 0.000390675869253809 0.000911577028258888
0 0 0.000260575002171458 0.00121601667680014 0.00225831668548597 0.00451663337097194 0.00651437505428646 0.00903326674194389 0.0115521584296013 0.019890558499088 0.0260575002171458 0.0345696169547468 0.0423000086858334 0.0465560670546339 0.0509858420915487 0.0518544254321202 0.0502041170850343 0.0469035003908625 0.0418657170155476 0.0356119169634326 0.0306609919221749 0.0219751585164597 0.0142447667853731 0.00981499174845826 0.00564579171371493 0.00304004169200035 0.00217145835142882 0.00104230000868583 0.000781725006514375 0.000868583340571528 0 0.000173716668114306 8.68583340571528e-05 0.00138973334491444 0.00373490836445757 0.00816468340137236 0.0105098584209155 0.0145922001216017 0.0202379918353166 0.0304872752540606 0.0447320420394337 0.0521150004342917 0.0517675670980631 0.0509858420915487 0.0417788586814905 0.0321375836011465 0.0235386085294884 0.0152870667940589 0.0092069834100582 0.00529835837748632 0.00364805003040042 0.00182402501520021 0.00208460001737167 0.00173716668114306 0.00104230000868583 0.000521150004342917 0.000260575002171458 8.68583340571528e-05 8.68583340571528e-05 8.68583340571528e-05
0.000182348650619985 0 0.000729394602479942 0.000911743253099927 0.00401167031363968 0.00656455142231947 0.00948212983223924 0.0116703136396791 0.012946754194019 0.0154996353026988 0.0167760758570387 0.0187819110138585 0.0257111597374179 0.0362873814733771 0.0424872355944566 0.0472283005105762 0.049963530269876 0.0490517870167761 0.0430342815463166 0.038110867979577 0.0300875273522976 0.0240700218818381 0.0165937272064187 0.0102115244347192 0.00820568927789934 0.00455871626549964 0.00182348650619985 0.000911743253099927 0.000547045951859956 0.00109409190371991 0.000547045951859956 0.000547045951859956 0.000729394602479942 0.00273522975929978 0.00893508388037929 0.00929978118161926 0.012764405543399 0.0131291028446389 0.0191466083150985 0.0277169948942378 0.0395696571845368 0.0517870167760759 0.0567104303428155 0.0550692924872356 0.0561633843909555 0.0441283734500365 0.0289934354485777 0.0193289569657185 0.012399708242159 0.00692924872355945 0.00291757840991977 0.00109409190371991 0.000729394602479942 0.000547045951859956 0.000182348650619985 0.000182348650619985 0.000182348650619985 0 0 0
0.00107201118620368 0.00116522955022139 0.00153810300629224 0.00274994173852249 0.00372873456070846 0.00927522721976229 0.0166394779771615 0.0240037287345607 0.028757865299464 0.0297832673036588 0.0311349335819156 0.0346772314145887 0.0347238405965975 0.0370542996970403 0.038452575157306 0.0446982055464927 0.0412025168958285 0.041342344441855 0.0350967140526684 0.0319272896760662 0.0244698205546493 0.0194360288976928 0.0136098811465859 0.00908879049172687 0.0065252854812398 0.00330925192262876 0.00321603355861105 0.00177114891633652 0.000932183640177115 0.00167793055231881 0.000512701002097413 0.000978792822185971 0.00102540200419483 0.00233045910044279 0.00503379165695642 0.0104870659519925 0.0183174085294803 0.0256350501048707 0.0260545327429504 0.0328128641342344 0.0327662549522256 0.043626194360289 0.0455371708226521 0.0482871125611746 0.0446982055464927 0.034584013050571 0.0223724073642508 0.0130505709624796 0.00755068748543463 0.00382195292472617 0.00293637846655791 0.00125844791423911 0.00116522955022139 0.000745746912141692 0.00032626427406199 0.000559310184106269 0.000279655092053134 9.32183640177115e-05 4.66091820088557e-05 4.66091820088557e-05
0 0.000199560965875075 0.000279385352225105 0.00131710237477549 0.0042706046697266 0.00874077030532828 0.0168828577130313 0.0258631011774097 0.032129315505887 0.0357613250848134 0.0384753542207144 0.0390341249251646 0.0381161444821393 0.0339253641987627 0.0364398323687887 0.037317900618639 0.037397725004989 0.0327279984035123 0.0298144083017362 0.0257832767910597 0.0230293354619836 0.0174815406106566 0.0135701456795051 0.00977848732787867 0.00678507283975254 0.00375174615845141 0.00255438036320096 0.00167631211335063 0.00119736579525045 0.00123727798842546 3.9912193175015e-05 0.000119736579525045 0.000758331670325284 0.0023947315905009 0.00498902414687687 0.0122929554979046 0.0197565356216324 0.0270205547794851 0.0337258032328876 0.0375174615845141 0.0420674516064658 0.0466972660147675 0.048094192775893 0.0469367391738176 0.0433845539812413 0.0306126521652365 0.0199560965875075 0.0140890041907803 0.00750349231690281 0.00323288764717621 0.0015964877270006 0.00055877070445021 0.00047894631810018 0.00039912193175015 0.000119736579525045 3.9912193175015e-05 3.9912193175015e-05 3.9912193175015e-05 0 0
0.0005170185264972 0.000603188280913399 0.0022404136148212 0.0042223179663938 0.00844463593278759 0.00990952175786299 0.0102972856527359 0.0143041792330892 0.0230504093063335 0.0346402412753124 0.0434726411029729 0.0477811288237829 0.0480396380870315 0.0429556225764757 0.0426109435588109 0.0377423524342956 0.0316673847479535 0.0307626023265834 0.0252046531667385 0.024127531236536 0.0197759586385179 0.0145626884963378 0.0105988797931926 0.00797070228349849 0.00573028866867729 0.0046100818612667 0.0019388194743645 0.0016372253339078 0.000430848772081 0.000603188280913399 0.000732442912537699 0.001292546316243 0.0029297716501508 0.00555794915984489 0.00831538130116329 0.00934941835415769 0.0117621714778113 0.0197759586385179 0.0338647134855666 0.0431710469625162 0.0495045239121069 0.0519172770357604 0.0506678155967255 0.0463162429987075 0.0395950021542439 0.0284791038345541 0.0194743644980612 0.0117621714778113 0.00637656182679879 0.0040499784575614 0.0023265833692374 0.000990952175786299 0.000603188280913399 0.0002154243860405 0.0002154243860405 0.0001292546316243 8.61697544161999e-05 0 0 8.61697544161999e-05
0.000357739088957787 0.000397487876619763 0.000834724540901503 0.00174894665712696 0.00417362270450751 0.00663804753955004 0.0126798632641704 0.0159790126401145 0.0199936401939741 0.030248827410764 0.0426107003736386 0.0544558390969075 0.0563637809046824 0.0517926703235551 0.0451546227840051 0.0356944113204547 0.0296525955958343 0.0254789728913268 0.0220208283647349 0.0195961523173543 0.0160982590031004 0.0122028778122267 0.0098974481278321 0.00759201844343747 0.00624055966293028 0.0036966372525638 0.00262341998569044 0.00162970029414103 0.00131170999284522 0.00214643453374672 0.000158995150647905 0.000476985451943716 0.000953970903887431 0.00214643453374672 0.00524683997138087 0.00902297479926862 0.013355592654424 0.0197551474680022 0.0317592813419191 0.0488512600365689 0.0600206693695842 0.0624055966293028 0.0521504094125129 0.0445583909690754 0.0365688846490182 0.0254392241036648 0.0188806741394387 0.0119643850862549 0.00775101359408538 0.00405437634152158 0.00210668574608474 0.0015104539311551 0.000556483027267668 0.000437236664281739 0.000238492725971858 0.000119246362985929 0.000158995150647905 0 3.97487876619763e-05 0
0 0.000144675925925926 0.000759548611111111 0.00296585648148148 0.00622106481481481 0.00965711805555556 0.0138527199074074 0.0191333912037037 0.0205439814814815 0.0261501736111111 0.0346860532407407 0.0451388888888889 0.0571108217592593 0.0623191550925926 0.0600405092592593 0.0485749421296296 0.0375434027777778 0.0284649884259259 0.0211226851851852 0.0174696180555556 0.0133463541666667 0.0110677083333333 0.00857204861111111 0.00679976851851852 0.00520833333333333 0.0035083912037037 0.00206163194444444 0.00148292824074074 0.0015552662037037 0.00264033564814815 3.61689814814815e-05 0.000180844907407407 0.00104890046296296 0.00329137731481481 0.00737847222222222 0.011791087962963 0.0168185763888889 0.0209418402777778 0.0269820601851852 0.0385199652777778 0.0521195023148148 0.0570746527777778 0.0536024305555556 0.0449580439814815 0.0334924768518519 0.0232928240740741 0.0162398726851852 0.0109592013888889 0.00614872685185185 0.00325520833333333 0.00144675925925926 0.000868055555555556 0.000361689814814815 0.000434027777777778 0.000144675925925926 7.2337962962963e-05 0.000217013888888889 0.000108506944444444 0 7.2337962962963e-05
8.48248367121893e-05 8.48248367121893e-05 0.000339299346848757 0.000805835948765799 0.00262956993807787 0.0102638052421749 0.021078971922979 0.0299431673594028 0.0392314869793876 0.0413521078971923 0.0438544405802019 0.0454661124777335 0.0448299262023921 0.0529731105267622 0.0513614386292306 0.0477563830689626 0.0362202052761048 0.0296462804309102 0.020145898719145 0.0152684706081941 0.0118330647213504 0.00810077190601408 0.0063618627534142 0.00436847909067775 0.00296886928492663 0.00250233268300958 0.00182373398931207 0.00127237255068284 0.000975485622190177 0.00139960980575112 8.48248367121893e-05 8.48248367121893e-05 0.000339299346848757 0.00118754771397065 0.00487742811095089 0.0132750869454576 0.0234964797692764 0.0285011451352956 0.0325727372974807 0.0384256510306218 0.0453812876410213 0.0524641615064891 0.0494528798032064 0.0424124183560947 0.0332089235728221 0.0234540673509204 0.0145898719144966 0.00958520654847739 0.00462295360081432 0.00305369412163882 0.00178132157095598 0.00114513529561456 0.000381711765204852 0.000339299346848757 0.000212062091780473 4.24124183560947e-05 4.24124183560947e-05 0 0 4.24124183560947e-05
0.000181501379410484 0.000290402207056774 0.000471903586467257 0.000726005517641934 0.00210541600116161 0.00533614055466822 0.0125961957310876 0.0219253666327864 0.0362276753303325 0.0462828517496733 0.0537607085813852 0.0558298243066647 0.0573544358937128 0.0556120226513721 0.048787570785538 0.0406563089879483 0.0290402207056774 0.0239218818063017 0.0193117467692754 0.0148831131116596 0.0116886888340351 0.0077682590387687 0.00569914331348918 0.00482793669231886 0.00301292289821403 0.00243211848410048 0.00130680993175548 0.000834906345288224 0.000471903586467257 0.00148831131116596 0.000290402207056774 0.000399303034703064 0.000726005517641934 0.00145201103528387 0.0033033251052708 0.0098736750399303 0.0200377522869174 0.0311093364309569 0.042798025264992 0.0519819950631625 0.0584797444460578 0.0536155074778568 0.048787570785538 0.0355742703644548 0.0281327138086249 0.0204733555975025 0.0117612893857993 0.00638884855524902 0.00370262813997386 0.00214171627704371 0.000980107448816611 0.000762305793524031 0.000508203862349354 0.000471903586467257 0.000399303034703064 0.00032670248293887 0.00032670248293887 0.00021780165529258 0 0.000145201103528387
0 4.06008932196508e-05 0.000406008932196508 0.000812017864393017 0.0022330491270808 0.00523751522533496 0.00844498578968737 0.013723101908242 0.0199350385708486 0.0279334145351198 0.0378806333739342 0.0446609825416159 0.0512383272431993 0.0523345513601299 0.0526999593991068 0.0490052781161186 0.0398294762484775 0.0310596833130329 0.0230613073487617 0.018838814453918 0.0128704831506293 0.0114088509947219 0.00844498578968737 0.00568412505075112 0.0046285018270402 0.00345107592367032 0.00259845716605765 0.00154283394234673 0.000812017864393017 0.00113682501015022 0 4.06008932196508e-05 0.000284206252537556 0.00113682501015022 0.00365408038976857 0.00714575720665855 0.0123020706455542 0.0206252537555826 0.0317904993909866 0.0469346325619164 0.0608607389362566 0.0656110434429557 0.0596833130328867 0.0469346325619164 0.0404384896467722 0.0282988225740966 0.0182704019488429 0.0115712545676005 0.00539991879821356 0.00341047503045067 0.00158343483556638 0.000893219650832318 0.000284206252537556 0.000324807145757207 0.000162403572878603 0.000121802679658953 0 4.06008932196508e-05 0 0.000243605359317905
0.000173807247762232 0.000304162683583905 0.000304162683583905 0.000608325367167811 0.00160771704180064 0.0038237594507691 0.00812548883288433 0.0122099591552968 0.0185973755105588 0.0268097679673242 0.0358042930390197 0.0441904927435474 0.0516642043973234 0.0588337533675154 0.0583557834361693 0.0551838011645086 0.0438428782480229 0.0354132267315547 0.0257234726688103 0.0194229599374294 0.0139480316329191 0.0110367602329017 0.00699574172242982 0.00504041018510472 0.00386721126270965 0.00317198227166073 0.00186842791344399 0.000955939862692274 0.000651777179108369 0.00156426522986009 0.000130355435821674 0.000304162683583905 0.000477969931346137 0.000564873555227253 0.0024767532806118 0.00538802468062918 0.0108195011731989 0.0169462066568176 0.0257669244807508 0.0414964804032328 0.0598765968540888 0.0683931519944382 0.0632223863735118 0.0497957764838794 0.0392369861823238 0.0249413400538802 0.0157730077344225 0.0104284348657339 0.00543147649256974 0.00373685582688798 0.00195533153732511 0.00117319892239506 0.000651777179108369 0.000260710871643348 0.000130355435821674 0.000260710871643348 0 0.000130355435821674 4.34518119405579e-05 8.69036238811158e-05
0.000106917566556185 0.000267293916390463 0.000641505399337111 0.000801881749171389 0.00117609323211804 0.002886774297017 0.00529241954453117 0.0110659681385652 0.017320645782102 0.0222388538436865 0.0266759328557682 0.0373142307281086 0.0417513097401903 0.0513204319469689 0.0566128514915 0.0566663102747781 0.0529241954453117 0.0424462739228055 0.0328236929327489 0.0229338180263017 0.0188174917138886 0.0128301079867422 0.00962258099005667 0.00566663102747781 0.00449053779535978 0.00336790334651983 0.00176413984817706 0.00235218646423607 0.00101571688228376 0.00304715064685128 0.00021383513311237 0.000374211482946648 0.000801881749171389 0.00117609323211804 0.0021918101144018 0.00481129049502833 0.0113867208382337 0.017320645782102 0.0258740511065968 0.040414840158238 0.0527638190954774 0.064631668983214 0.064097081150433 0.0531914893617021 0.0410563455575751 0.0296161659360633 0.017320645782102 0.0118143911044585 0.00705655939270822 0.0035817384796322 0.00149684593178659 0.00122955201539613 0.000374211482946648 0.000427670266224741 0.000267293916390463 5.34587832780926e-05 0.000106917566556185 5.34587832780926e-05 0 5.34587832780926e-05
0.000100974402988842 0.000302923208966527 0.000151461604483263 0.00045438481344979 0.00131266723885495 0.00196900085828243 0.00419043772403696 0.00626041298530822 0.010551825112334 0.0178724693290251 0.0259504215681325 0.0339778866057454 0.042914121270258 0.049628919069016 0.0540213055990306 0.0610895138082496 0.0546271520169637 0.0456404301509567 0.037158580299894 0.0271116272025042 0.0213055990306457 0.0149946988438431 0.00888574746301812 0.00550310496289191 0.00373605291058717 0.00287777048518201 0.00176705205230474 0.000706820820921896 0.000959256828394002 0.00151461604483263 0.000100974402988842 0.000100974402988842 0.000100974402988842 0.000757308022416317 0.00151461604483263 0.00328166809713738 0.00686625940324128 0.0121674155601555 0.0225172918665118 0.0368556570909275 0.0520523047407482 0.0626546170545767 0.0647245923158479 0.0562932296662796 0.0457414045539456 0.034280809814712 0.0268591911950321 0.0152471348513152 0.0085828242540516 0.00484677134346443 0.00302923208966527 0.0023728984702378 0.000757308022416317 0.000353410410460948 0.000353410410460948 0 0 0 0 5.04872014944212e-05
0 0.000810208628721896 0.00197488353250962 0.00283573020052664 0.00243062588616569 0.00445614745797043 0.00779825805144825 0.0137735466882722 0.0190399027749646 0.0241543447437715 0.0298764431841199 0.0376747012355682 0.0420295726149484 0.0470427385051651 0.0527648369455135 0.0535244075349402 0.0483593275268382 0.0413206400648167 0.0324083451488758 0.0255722098440348 0.0215718047397205 0.0162041725744379 0.0107859023698602 0.00805144824792384 0.00506380392951185 0.00313955843629735 0.00263317804334616 0.00172169333603403 0.000962122746607251 0.00313955843629735 0.000151914117885355 0.000455742353656066 0.00167105529673891 0.00227871176828033 0.00303828235770711 0.00582337451893863 0.0103301600162042 0.0166092768887989 0.0222807372898521 0.0316994125987442 0.0463844439943285 0.0548916345959084 0.0579805549929107 0.0501316589021673 0.0447640267368847 0.0330666396597124 0.0240530686651813 0.0141786510026332 0.00810208628721896 0.00501316589021673 0.00278509216123152 0.00162041725744379 0.000506380392951185 0.000455742353656066 0.000202552157180474 0.000253190196475592 5.06380392951185e-05 0.000101276078590237 0 0
5.42947116950809e-05 0.000542947116950809 0.000705831252036052 0.00380062981865566 0.00863285915951786 0.017482897165816 0.0237810837224454 0.026875882289065 0.0320881746117928 0.0319795851884027 0.0323053534585731 0.0348029101965469 0.0337170159626452 0.0347486154848518 0.036214572700619 0.0347486154848518 0.0332826582690846 0.0305136279726355 0.0224237159300684 0.0173200130307308 0.0166141817786948 0.0143338038875014 0.00961016397002932 0.00754696492561624 0.00542947116950809 0.00418069280052123 0.00276903029644913 0.00190031490932783 0.000760125963731133 0.00238896731458356 0.000162884135085243 0.000542947116950809 0.00130307308068194 0.00575523943967858 0.0127049625366489 0.0173743077424259 0.0237810837224454 0.0257899880551634 0.03355413182756 0.0360516885655337 0.0440873058964057 0.0545118905418612 0.0507655554349006 0.0485937669670974 0.0376262352046911 0.0303507438375502 0.0193289173634488 0.014062330329026 0.00651536540340971 0.0051037028993376 0.00347486154848518 0.00260614616136388 0.00135736779237702 0.000814420675426213 0.000977304810511456 0.000651536540340971 0.000217178846780324 5.42947116950809e-05 0.000108589423390162 0.000217178846780324
0 0.000169779286926995 0.000735710243350311 0.00277306168647425 0.00537634408602151 0.0118279569892473 0.0207696661007357 0.0259762308998302 0.0283531409168081 0.0267685342388229 0.0226372382569327 0.0246745897000566 0.0279003961516695 0.0290888511601585 0.033276740237691 0.0372382569326542 0.031918505942275 0.0307300509337861 0.0283531409168081 0.0255800792303339 0.0235993208828523 0.0181097906055461 0.0147707979626486 0.0123372948500283 0.00780984719864177 0.00962082625919638 0.00622524052065648 0.00543293718166384 0.00367855121675156 0.011941143180532 5.65930956423316e-05 0.000452744765138653 0.00130164119977363 0.00316921335597057 0.0067911714770798 0.0162988115449915 0.023372948500283 0.0250141482739106 0.0255234861346916 0.032427843803056 0.0414261460101868 0.0495755517826825 0.0526881720430108 0.0510469722693831 0.0427843803056027 0.032258064516129 0.0251839275608376 0.0176570458404075 0.00933786078098472 0.00713073005093379 0.0044708545557442 0.00203735144312394 0.000962082625919638 0.000509337860780985 0.000396151669496321 0.000113186191284663 5.65930956423316e-05 0.000169779286926995 5.65930956423316e-05 5.65930956423316e-05
0.000294096022351298 0.000294096022351298 0.00102933607822954 0.00124990809499302 0.0027203882067495 0.00588192044702595 0.00955812072641717 0.0145577531063892 0.0188221454304831 0.020513197559003 0.0258069259613264 0.0241893978383942 0.0287478861848393 0.0299242702742445 0.0307330343357106 0.0338945665759871 0.0327917064921697 0.0307330343357106 0.0298507462686567 0.0236747297992795 0.023013013748989 0.0216895816484082 0.0202926255422395 0.0134548930225719 0.0148518491287405 0.013381369016984 0.0124990809499302 0.0103668847878832 0.00955812072641717 0.027203882067495 0.000147048011175649 0.000220572016763473 0.000514668039114771 0.00110286008381737 0.00242629218439821 0.00647011249172855 0.0111756488493493 0.0156606131902066 0.0216160576428204 0.0274979780898463 0.0377178148665539 0.0469818395706198 0.0505845158444232 0.0522755679729432 0.046908315565032 0.042276303212999 0.0334534225424601 0.0235276817881038 0.018013381369017 0.0129402249834571 0.00676420851407985 0.00411734431291817 0.00213219616204691 0.00110286008381737 0.000955812072641718 0.000808764061466069 7.35240055878244e-05 0.000441144033526947 0 0.000514668039114771
0.000181950509461427 0.000242600679281902 0.000424551188743328 0.00169820475497331 0.0027292576419214 0.00412421154779233 0.00788452207666182 0.013646288209607 0.0188015526443474 0.0263828238719068 0.0329330422125182 0.0387554585152838 0.0369966035904901 0.0385735080058224 0.0396045608927705 0.0356016496846191 0.0298398835516739 0.0304463852498787 0.0278990781174187 0.0222586123241145 0.0228651140223193 0.0179524502668607 0.0137069383794275 0.0107957302280446 0.00946142649199418 0.00758127122755944 0.00624696749150898 0.00467006307617661 0.00418486171761281 0.0106744298884037 0.000181950509461427 0.000242600679281902 0.000606501698204755 0.00133430373605046 0.00285055798156235 0.0059437166424066 0.0118874332848132 0.019771955361475 0.0282629791363416 0.0394832605531295 0.0442746239689471 0.0526443474041727 0.0537360504609413 0.0533721494420184 0.0433042212518195 0.0348131974769529 0.0262615235322659 0.0209849587578845 0.0128578360019408 0.00946142649199418 0.00648956817079088 0.0034570596797671 0.00224405628335759 0.00188015526443474 0.00157690441533236 0.00115235322658903 0.000727802037845706 0.000545851528384279 0.000485201358563804 0.00200145560407569
0.0004835297673013 0.000906618313689937 0.00169235418555455 0.00296161982472046 0.00380779691749773 0.00610456331217891 0.00834088848594742 0.00991236022967664 0.014143245693563 0.019703838017528 0.0264128135388335 0.0326382592928377 0.0382592928377153 0.0414022363251738 0.0380175279540647 0.0365669386521608 0.0325173768510124 0.0297370806890299 0.0271985494106981 0.023088546388637 0.0211544273194319 0.0161378059836809 0.013599274705349 0.0104563312178906 0.009489271683288 0.00713206406769417 0.00676941674221819 0.0043517679057117 0.00398912058023572 0.0149894227863403 0.000543970988213962 0.000846177092777274 0.00151103052281656 0.00314294348745845 0.00574191598670293 0.00689029918404352 0.00973103656693865 0.0151707464490783 0.0267754608643095 0.0417044424297371 0.0496826835902085 0.0603807796917498 0.0592323964944092 0.0540344514959202 0.0452100332426715 0.0360229676639468 0.0258084013297069 0.0170444242973708 0.014324569356301 0.00828044726503475 0.00465397401027501 0.00344514959202176 0.00217588395285585 0.00126926563916591 0.00108794197642792 0.000846177092777274 0.000846177092777274 0.000423088546388637 0.000362647325475975 0.000846177092777274
0.000459939288013982 0.00239168429767271 0.00432342930733143 0.00984270076349922 0.0138901664980223 0.0226290129702879 0.0232729279735075 0.0243767822647411 0.0252046729831662 0.0224450372550823 0.0231809401159047 0.0285162358568669 0.0357832766074878 0.0372550823291326 0.0404746573452304 0.0341274951706375 0.0323797258761843 0.029804065863306 0.0234569036887131 0.0209732315334376 0.0206972679606292 0.0145340815012418 0.0130622757795971 0.00883083432986846 0.00735902860822371 0.00588722288657897 0.00367951430411186 0.00367951430411186 0.00340355073130347 0.00708306503541533 0.000551927145616779 0.00202373286726152 0.00570324717137338 0.0118664336307607 0.015821911507681 0.0183975715205593 0.0251126851255634 0.0216171465366572 0.0265844908472082 0.0327476773065955 0.0422224266396836 0.0448900745101647 0.0480176616686597 0.0436942323613283 0.0378070094747493 0.0261245515591942 0.0195014258117928 0.0131542636371999 0.00892282218747125 0.00487535645294821 0.00275963572808389 0.00211572072486432 0.000919878576027964 0.000459939288013982 9.19878576027964e-05 0.000275963572808389 0.000275963572808389 9.19878576027964e-05 0 0.000367951430411186
0.000205782487910279 0.00144047741537195 0.00329251980656446 0.00720238707685976 0.0174915114723737 0.03323387179751 0.0464039510237679 0.0458894948039922 0.0408478238501903 0.0312789381623624 0.02582570223274 0.0281922008437082 0.026545940940426 0.0293240045272147 0.030970264430497 0.0292211132832596 0.026545940940426 0.0246938985492335 0.016977055252598 0.0149192303734952 0.016977055252598 0.0115238193229756 0.0108035806152896 0.0062763658812635 0.00545323592962239 0.00514456219775697 0.0028809548307439 0.00236649861096821 0.00174915114723737 0.00174915114723737 0.000720238707685976 0.00113180368350653 0.00298384607469904 0.0124498405185719 0.0230476386459512 0.0348801317007923 0.0405391501183249 0.0392015639469081 0.0305586994546764 0.0268546146722914 0.0349830229447474 0.0378639777754913 0.0385842164831773 0.0368350653359399 0.0317933943821381 0.0212984874987139 0.0143018829097644 0.0109064718592448 0.00514456219775697 0.00360119353842988 0.00195493363514765 0.00174915114723737 0.00123469492746167 0.000823129951641115 0.000617347463730836 0.000205782487910279 0.000205782487910279 0.000102891243955139 0 0
0.00110854503464203 0.00443418013856813 0.0102540415704388 0.0197690531177829 0.0312240184757506 0.0353810623556582 0.040554272517321 0.0424942263279446 0.0397228637413395 0.0367667436489607 0.0319630484988453 0.0260508083140878 0.0212471131639723 0.0207852193995381 0.0213394919168591 0.0210623556581986 0.0198614318706697 0.0178290993071594 0.0149653579676674 0.0131177829099307 0.0124711316397229 0.0109930715935335 0.00933025404157044 0.00600461893764434 0.00369515011547344 0.0036027713625866 0.00212471131639723 0.00184757505773672 0.00184757505773672 0.00166281755196305 0.00166281755196305 0.00526558891454965 0.0141339491916859 0.0247575057736721 0.0342725173210162 0.0373210161662818 0.0412009237875289 0.0453579676674365 0.0378752886836028 0.03270207852194 0.0282678983833718 0.0311316397228637 0.034364896073903 0.029284064665127 0.0254965357967667 0.0203233256351039 0.0144110854503464 0.00840646651270208 0.00443418013856813 0.00258660508083141 0.0012933025404157 0.000831408775981524 0.00046189376443418 0.000184757505773672 0.000184757505773672 0 9.2378752886836e-05 0 9.2378752886836e-05 9.2378752886836e-05
0.000276752767527675 0.00249077490774908 0.00710332103321033 0.0210332103321033 0.0318265682656827 0.0368081180811808 0.0365313653136531 0.0346863468634686 0.0335793357933579 0.0371771217712177 0.0377306273062731 0.0349630996309963 0.0345018450184502 0.0383763837638376 0.0322878228782288 0.0239852398523985 0.0191881918819188 0.0160516605166052 0.011070110701107 0.0112546125461255 0.01190036900369 0.0103321033210332 0.00802583025830258 0.00488929889298893 0.0047970479704797 0.00249077490774908 0.00304428044280443 0.00175276752767528 0.00101476014760148 0.00267527675276753 0.00101476014760148 0.0033210332103321 0.0112546125461255 0.0219557195571956 0.029520295202952 0.0289667896678967 0.0290590405904059 0.0362546125461255 0.0409594095940959 0.0411439114391144 0.0363468634686347 0.0345018450184502 0.0297047970479705 0.0294280442804428 0.0238007380073801 0.0180811808118081 0.0125461254612546 0.00857933579335793 0.00535055350553506 0.00249077490774908 0.0014760147601476 0.000922509225092251 0.000738007380073801 0.00018450184501845 9.22509225092251e-05 0.00018450184501845 0.00018450184501845 0 0 9.22509225092251e-05
0.000287232514720666 0.00100531380152233 0.00718081286801666 0.0205371248025276 0.0351859830532816 0.046962516156829 0.0580209679735746 0.0578773517162143 0.0558667241131696 0.0488295275025133 0.0485422949877926 0.0412178658624156 0.035760448082723 0.0334625879649576 0.031021111589832 0.0239839149791756 0.0153669395375557 0.010340370529944 0.00631911532385466 0.005170185264972 0.00502656900761166 0.00531380152233233 0.00272870888984633 0.002154243860405 0.00201062760304466 0.000718081286801666 0.000861697544161999 0.000430848772081 0.000718081286801666 0.000574465029441333 0.000287232514720666 0.002154243860405 0.011632916846187 0.022404136148212 0.0359040643400833 0.039207238259371 0.0458135860979463 0.0423667959212983 0.039638087031452 0.0410742496050553 0.03015941404567 0.021111589831969 0.016803102111159 0.0117765331035473 0.00933505672842166 0.00761166164009766 0.00430848772081 0.00330317391928766 0.00330317391928766 0.00157977883096367 0.00114893005888267 0.00143616257360333 0.000861697544161999 0.000430848772081 0.000861697544161999 0.000574465029441333 0.000861697544161999 0.000287232514720666 0.000143616257360333 0.000143616257360333
0.000397487876619763 0.0015104539311551 0.00357739088957787 0.0127991096271564 0.0265521901582002 0.0399872803879482 0.0517529215358932 0.0550123221241752 0.053740360918992 0.0516734239605692 0.0471420621671039 0.0450751252086811 0.0399872803879482 0.0315605374036092 0.0256777168296367 0.0198743938309882 0.0147070514349312 0.00993719691549408 0.00898322601160665 0.0111296605453534 0.0090627235869306 0.00667779632721202 0.00325940058828206 0.00174894665712696 0.00143095635583115 0.0015104539311551 0.00135145878050719 0.000874473328563479 0.000158995150647905 0.000953970903887431 0.000397487876619763 0.00135145878050719 0.00612131329994435 0.0190794180777486 0.0315605374036092 0.0421337149216949 0.0405437634152158 0.0428491930996105 0.0410207488671595 0.0393512997853565 0.0338659670880038 0.0242467604738055 0.0194769059543684 0.0166149932427061 0.0163765005167342 0.0146275538596073 0.0115271484219731 0.00930121631290246 0.0060418157246204 0.00365688846490182 0.000715478177915574 0.00031799030129581 0.00031799030129581 7.94975753239526e-05 0.000158995150647905 0 0 7.94975753239526e-05 7.94975753239526e-05 0
0.000644745325596389 0.0031431334622824 0.00402965828497743 0.00797872340425532 0.0158768536428111 0.0249838813668601 0.0379593810444874 0.0485976789168279 0.0560928433268859 0.0552869116698904 0.0585106382978723 0.0552063185041908 0.0477917472598324 0.0344938749194068 0.0300612508059317 0.0236137975499678 0.0174887169568021 0.009107027724049 0.00725338491295938 0.00459381044487427 0.00274016763378465 0.00137008381689233 0.00137008381689233 0.000483558994197292 0.000402965828497743 0.000402965828497743 0.000241779497098646 0 0 0 0.00137008381689233 0.0033043197936815 0.00507736943907157 0.009107027724049 0.0204706640876854 0.0323984526112186 0.0479529335912315 0.0560122501611863 0.0626208897485493 0.0517408123791103 0.0478723404255319 0.0343326885880077 0.0256286266924565 0.017327530625403 0.0149903288201161 0.0104771115409413 0.00443262411347518 0.00241779497098646 0.00145067698259188 0.000402965828497743 0.000161186331399097 0.000322372662798195 0.000322372662798195 8.05931656995487e-05 0 0 0 0 0 0
#: #!
