# Number of years age comps: nyrs_fishage
24
# Fishery age comps years
1999 2000 2001 2002 2003 2004 2005 2006 2007 2008 2009 2010 2011 2012 2013 2014 2015 2016 2017 2018 2019 2020 2021 2022
# Number of samples: nsamples_fish_age(1,nyrs_fish_age)
28 28 27 27 28 28 28 29 27 27 27 26 27 27 27 27 27 26 24 25 25 23 26 25
# Observed fishery age compositions (proportions at age): oac_fish(1,nyrs_fish_age,1,nages*2)
0 0.028045574057844 0.0727432077125329 0.0762489044697634 0.0411919368974584 0.0517090271691499 0.0411919368974584 0.0271691498685364 0.0333041191936897 0.0219106047326906 0.0131463628396144 0.014022787028922 0.0131463628396144 0.0166520595968449 0.0122699386503067 0.00964066608238387 0.0166520595968449 0.00964066608238387 0.0035056967572305 0.00262927256792287 0.0035056967572305 0.0035056967572305 0.007011393514461 0.000876424189307625 0.0035056967572305 0.000876424189307625 0 0.00788781770376862 0.00438212094653812 0.0289219982471516 0.000876424189307625 0.014022787028922 0.056091148115688 0.0438212094653812 0.0368098159509202 0.028045574057844 0.0315512708150745 0.0227870289219982 0.0219106047326906 0.0219106047326906 0.014022787028922 0.0122699386503067 0.021034180543383 0.0122699386503067 0.014022787028922 0.00876424189307625 0.00788781770376862 0.00262927256792287 0.00525854513584575 0.00788781770376862 0.00438212094653812 0.00438212094653812 0.0035056967572305 0.00175284837861525 0.00438212094653812 0.00525854513584575 0.00438212094653812 0.000876424189307625 0.00175284837861525 0.0201577563540754
0.00174216027874564 0.014808362369338 0.0470383275261324 0.0792682926829268 0.0583623693379791 0.0357142857142857 0.0365853658536585 0.0400696864111498 0.0278745644599303 0.0252613240418118 0.0261324041811847 0.0217770034843206 0.0130662020905923 0.0139372822299652 0.0121951219512195 0.0113240418118467 0.0078397212543554 0.00609756097560976 0.00609756097560976 0.00261324041811847 0 0.0156794425087108 0.00174216027874564 0.000871080139372822 0.00435540069686411 0.00348432055749129 0.000871080139372822 0.00261324041811847 0.00261324041811847 0.024390243902439 0 0.0130662020905923 0.0461672473867596 0.0627177700348432 0.0374564459930314 0.0322299651567944 0.0209059233449477 0.0287456445993031 0.0191637630662021 0.0174216027874564 0.0209059233449477 0.0209059233449477 0.0165505226480836 0.0174216027874564 0.00958188153310104 0.0121951219512195 0.00609756097560976 0.00696864111498258 0.00609756097560976 0.00174216027874564 0 0.0165505226480836 0 0.00261324041811847 0.00174216027874564 0.00348432055749129 0.00348432055749129 0.00348432055749129 0.00174216027874564 0.0261324041811847
0.00199401794616152 0.0129611166500499 0.0608175473579262 0.0508474576271186 0.0827517447657029 0.0648055832502493 0.0309072781655035 0.0299102691924227 0.0249252243270189 0.0189431704885344 0.00997008973080758 0.0139581256231306 0.0109670987038883 0.0159521435692921 0.0139581256231306 0.0119641076769691 0.0069790628115653 0.0069790628115653 0.00598205383848455 0.00498504486540379 0.00498504486540379 0.00398803589232303 0.00299102691924227 0.00299102691924227 0.000997008973080758 0 0.00498504486540379 0.00299102691924227 0.000997008973080758 0.0199401794616152 0.00299102691924227 0.0069790628115653 0.0528414755732802 0.0358923230309073 0.061814556331007 0.036889332003988 0.0358923230309073 0.0259222333000997 0.0239282153539382 0.0149551345962114 0.0159521435692921 0.0199401794616152 0.0189431704885344 0.00598205383848455 0.0119641076769691 0.0109670987038883 0.0109670987038883 0.00897308075772682 0.00897308075772682 0.00498504486540379 0.00398803589232303 0.00498504486540379 0.00398803589232303 0 0.00598205383848455 0.00398803589232303 0.00299102691924227 0.00199401794616152 0.00299102691924227 0.0279162512462612
0.0028328611898017 0.00661000944287063 0.040604343720491 0.100094428706327 0.0717658168083097 0.0642115203021719 0.0453257790368272 0.0207743153918791 0.0169971671388102 0.0188857412653447 0.0103871576959396 0.0103871576959396 0.00944287063267233 0.0113314447592068 0.00661000944287063 0.00661000944287063 0.00188857412653447 0.0056657223796034 0.0028328611898017 0.00188857412653447 0.00377714825306893 0.000944287063267233 0.00472143531633617 0.00377714825306893 0.00377714825306893 0.000944287063267233 0.000944287063267233 0.00377714825306893 0.000944287063267233 0.0302171860245515 0.00188857412653447 0.00661000944287063 0.0377714825306893 0.0774315391879131 0.0623229461756374 0.0481586402266289 0.0311614730878187 0.016052880075543 0.0169971671388102 0.0188857412653447 0.0198300283286119 0.0132200188857413 0.00944287063267233 0.016052880075543 0.0113314447592068 0.00755429650613787 0.0141643059490085 0.00377714825306893 0.00755429650613787 0.00755429650613787 0.00472143531633617 0.00472143531633617 0.00188857412653447 0.00377714825306893 0.0056657223796034 0.00661000944287063 0.000944287063267233 0.00188857412653447 0.0028328611898017 0.0302171860245515
0.00421940928270042 0.0337552742616034 0.049789029535865 0.120675105485232 0.130801687763713 0.0489451476793249 0.040506329113924 0.0126582278481013 0.010126582278481 0.00421940928270042 0.00506329113924051 0.00759493670886076 0.00506329113924051 0.00928270042194093 0.00421940928270042 0.00843881856540084 0.00421940928270042 0.00421940928270042 0.00843881856540084 0.00337552742616034 0.000843881856540084 0 0.00337552742616034 0.00168776371308017 0.000843881856540084 0 0 0.000843881856540084 0 0.0244725738396624 0.00506329113924051 0.0227848101265823 0.0329113924050633 0.108016877637131 0.0827004219409283 0.0464135021097046 0.0270042194092827 0.0168776371308017 0.00928270042194093 0.0109704641350211 0.00759493670886076 0.00590717299578059 0.00675105485232068 0.00759493670886076 0.00675105485232068 0.00253164556962025 0.00337552742616034 0.00421940928270042 0.00506329113924051 0.00506329113924051 0.00253164556962025 0.000843881856540084 0.00337552742616034 0.00421940928270042 0.000843881856540084 0.00168776371308017 0.00253164556962025 0.00253164556962025 0.000843881856540084 0.0160337552742616
0.000873362445414847 0.0174672489082969 0.108296943231441 0.0908296943231441 0.125764192139738 0.0995633187772926 0.0331877729257642 0.0218340611353712 0.0131004366812227 0.00960698689956332 0.00349344978165939 0.00262008733624454 0.00349344978165939 0.00786026200873362 0.00262008733624454 0.00436681222707424 0.00349344978165939 0.000873362445414847 0.000873362445414847 0 0.00349344978165939 0.00349344978165939 0.00262008733624454 0.00174672489082969 0 0.000873362445414847 0 0.000873362445414847 0.00174672489082969 0.00786026200873362 0.00174672489082969 0.0192139737991266 0.0480349344978166 0.0803493449781659 0.091703056768559 0.0506550218340611 0.022707423580786 0.0131004366812227 0.0104803493449782 0.00436681222707424 0.00611353711790393 0.00786026200873362 0.00524017467248908 0.00524017467248908 0.00524017467248908 0.00436681222707424 0.00436681222707424 0.00349344978165939 0.00262008733624454 0.00349344978165939 0.00349344978165939 0.00349344978165939 0.00174672489082969 0.00262008733624454 0.00174672489082969 0.00262008733624454 0.00262008733624454 0 0.00174672489082969 0.0165938864628821
0 0.00359066427289048 0.0448833034111311 0.138240574506284 0.140933572710952 0.104129263913824 0.0457809694793537 0.0296229802513465 0.0116696588868941 0.00538599640933573 0.0107719928186715 0.00359066427289048 0.00269299820466786 0.00269299820466786 0.00269299820466786 0.00179533213644524 0 0.00269299820466786 0.00179533213644524 0.00269299820466786 0.00179533213644524 0.000897666068222621 0 0.00179533213644524 0.00269299820466786 0.00269299820466786 0.000897666068222621 0.00179533213644524 0 0.0116696588868941 0 0.00448833034111311 0.0377019748653501 0.104129263913824 0.0978456014362657 0.0529622980251346 0.0278276481149013 0.0170556552962298 0.00987432675044883 0.00628366247755835 0.00448833034111311 0.00718132854578097 0.00269299820466786 0.00807899461400359 0.00807899461400359 0.00448833034111311 0.00179533213644524 0.000897666068222621 0.000897666068222621 0.00448833034111311 0.00448833034111311 0.00179533213644524 0.00269299820466786 0 0.000897666068222621 0 0.000897666068222621 0 0.00179533213644524 0.00628366247755835
0.000866551126516464 0.00519930675909879 0.0268630849220104 0.0779896013864818 0.118717504332756 0.0901213171577123 0.0528596187175043 0.0337954939341421 0.0181975736568458 0.00606585788561525 0.00866551126516464 0.00866551126516464 0.00346620450606586 0.00346620450606586 0.00259965337954939 0.00433275563258232 0.000866551126516464 0.00346620450606586 0.00433275563258232 0.00346620450606586 0.00259965337954939 0.00259965337954939 0.00346620450606586 0.00346620450606586 0.00259965337954939 0.000866551126516464 0.000866551126516464 0.00173310225303293 0.00259965337954939 0.00693240901213172 0.000866551126516464 0.0121317157712305 0.0268630849220104 0.0667244367417678 0.0918544194107452 0.0909878682842288 0.0493934142114385 0.0225303292894281 0.0225303292894281 0.0190641247833622 0.0147313691507799 0.00693240901213172 0.00519930675909879 0.00433275563258232 0.00519930675909879 0.00693240901213172 0 0.00433275563258232 0.00519930675909879 0.00519930675909879 0.00173310225303293 0.00433275563258232 0.00519930675909879 0.00173310225303293 0.00173310225303293 0.00259965337954939 0.00519930675909879 0.00173310225303293 0.00173310225303293 0.011265164644714
0.000896860986547085 0.00986547085201794 0.0394618834080717 0.0502242152466368 0.10762331838565 0.109417040358744 0.073542600896861 0.0466367713004484 0.0304932735426009 0.0197309417040359 0.00896860986547085 0.00807174887892377 0.000896860986547085 0.00538116591928251 0.00807174887892377 0.00269058295964126 0.00448430493273543 0.00358744394618834 0.00269058295964126 0.000896860986547085 0.00358744394618834 0.00358744394618834 0.00358744394618834 0.00179372197309417 0 0.00179372197309417 0.000896860986547085 0.000896860986547085 0 0.010762331838565 0.00179372197309417 0.00896860986547085 0.0197309417040359 0.0394618834080717 0.0816143497757848 0.0717488789237668 0.0556053811659193 0.0358744394618834 0.0179372197309417 0.0116591928251121 0.00986547085201794 0.0125560538116592 0.00717488789237668 0.000896860986547085 0.0062780269058296 0.00717488789237668 0.00896860986547085 0.000896860986547085 0.00179372197309417 0.000896860986547085 0.00448430493273543 0.0062780269058296 0.00179372197309417 0.00358744394618834 0.000896860986547085 0.00179372197309417 0.000896860986547085 0.00179372197309417 0.00358744394618834 0.0134529147982063
0.000859106529209622 0.00859106529209622 0.0214776632302405 0.0549828178694158 0.0575601374570447 0.0850515463917526 0.0893470790378007 0.0515463917525773 0.0378006872852234 0.0240549828178694 0.0197594501718213 0.0171821305841924 0.0077319587628866 0.00601374570446735 0.00859106529209622 0.00859106529209622 0.00343642611683849 0.00171821305841924 0.00429553264604811 0.00601374570446735 0.000859106529209622 0.00257731958762887 0 0.00343642611683849 0.00171821305841924 0.00429553264604811 0.00343642611683849 0.00171821305841924 0.00171821305841924 0.0206185567010309 0 0.00601374570446735 0.0214776632302405 0.0360824742268041 0.0575601374570447 0.0463917525773196 0.0515463917525773 0.0403780068728522 0.0274914089347079 0.0189003436426117 0.0180412371134021 0.00859106529209622 0.00945017182130584 0.0111683848797251 0.00687285223367698 0.0120274914089347 0.0120274914089347 0.00429553264604811 0.00343642611683849 0.00601374570446735 0.00257731958762887 0.00257731958762887 0.00429553264604811 0.00601374570446735 0.00429553264604811 0.00171821305841924 0.00171821305841924 0 0.000859106529209622 0.0231958762886598
0 0.0150976909413854 0.0257548845470693 0.0479573712255773 0.0683836589698046 0.0790408525754885 0.0621669626998224 0.0746003552397869 0.0399644760213144 0.022202486678508 0.0257548845470693 0.0177619893428064 0.00710479573712256 0.00621669626998224 0.0044404973357016 0.00266429840142096 0.0044404973357016 0.00266429840142096 0.0044404973357016 0.00621669626998224 0 0.00177619893428064 0.00266429840142096 0.00177619893428064 0.00532859680284192 0.00088809946714032 0.00266429840142096 0.00177619893428064 0.00266429840142096 0.0133214920071048 0.00088809946714032 0.00799289520426288 0.0355239786856128 0.0399644760213144 0.0301953818827709 0.0523978685612789 0.0390763765541741 0.0381882770870337 0.0266429840142096 0.0266429840142096 0.0124333925399645 0.0142095914742451 0.0124333925399645 0.0124333925399645 0.00177619893428064 0.00976909413854352 0.00532859680284192 0.00532859680284192 0.00976909413854352 0.00621669626998224 0.00266429840142096 0.00355239786856128 0.00355239786856128 0.00621669626998224 0.00355239786856128 0.0044404973357016 0.00355239786856128 0.00088809946714032 0.00088809946714032 0.0337477797513321
0.00517687661777394 0.0181190681622088 0.0405522001725626 0.0465918895599655 0.0448662640207075 0.0560828300258844 0.0603968938740293 0.0569456427955134 0.0379637618636756 0.0440034512510785 0.0232959447799827 0.0207075064710958 0.0146678170836928 0.00690250215703192 0.0103537532355479 0.0086281276962899 0.00776531492666091 0.00517687661777394 0.00086281276962899 0.00172562553925798 0 0.00258843830888697 0.00345125107851596 0.00086281276962899 0.00345125107851596 0.00172562553925798 0.00172562553925798 0 0.00258843830888697 0.0301984469370147 0.00690250215703192 0.00603968938740293 0.0345125107851596 0.0319240724762727 0.0362381363244176 0.0345125107851596 0.0405522001725626 0.0310612597066437 0.0241587575496117 0.0336496980155306 0.0189818809318378 0.0181190681622088 0.0129421915444349 0.0103537532355479 0.0103537532355479 0.00603968938740293 0.0120793787748059 0.00690250215703192 0.00776531492666091 0.00345125107851596 0.00690250215703192 0.00517687661777394 0.00086281276962899 0.00431406384814495 0.00258843830888697 0.00086281276962899 0.00345125107851596 0.00086281276962899 0.00431406384814495 0.0267471958584987
0.000840336134453782 0.0302521008403361 0.0403361344537815 0.0621848739495798 0.0529411764705882 0.0411764705882353 0.0294117647058824 0.0319327731092437 0.0302521008403361 0.0252100840336134 0.0210084033613445 0.0184873949579832 0.0151260504201681 0.0109243697478992 0.0126050420168067 0.00504201680672269 0.00504201680672269 0.00336134453781513 0.00420168067226891 0.00336134453781513 0.00420168067226891 0.00336134453781513 0.00420168067226891 0 0.000840336134453782 0.00252100840336134 0.000840336134453782 0.00336134453781513 0.00336134453781513 0.0260504201680672 0 0.0184873949579832 0.0260504201680672 0.046218487394958 0.0436974789915966 0.0302521008403361 0.0361344537815126 0.0235294117647059 0.0302521008403361 0.0310924369747899 0.0294117647058824 0.0285714285714286 0.0294117647058824 0.0100840336134454 0.0117647058823529 0.0100840336134454 0.00840336134453781 0.00336134453781513 0.0092436974789916 0.00672268907563025 0.00588235294117647 0.00504201680672269 0.00504201680672269 0.00756302521008403 0.00168067226890756 0.00672268907563025 0.00504201680672269 0.00252100840336134 0.00672268907563025 0.0285714285714286
0.00257510729613734 0.032618025751073 0.0703862660944206 0.0592274678111588 0.0532188841201717 0.0386266094420601 0.0248927038626609 0.0240343347639485 0.0351931330472103 0.0369098712446352 0.0300429184549356 0.0188841201716738 0.0163090128755365 0.0103004291845494 0.00944206008583691 0.00944206008583691 0.00600858369098712 0.00515021459227468 0.00686695278969957 0.00686695278969957 0.00257510729613734 0.00171673819742489 0.00343347639484979 0.00171673819742489 0.00171673819742489 0.00257510729613734 0.00600858369098712 0.000858369098712446 0.000858369098712446 0.0412017167381974 0.000858369098712446 0.0248927038626609 0.0446351931330472 0.0497854077253219 0.0343347639484979 0.0163090128755365 0.015450643776824 0.0197424892703863 0.0257510729613734 0.0257510729613734 0.0137339055793991 0.0163090128755365 0.0111587982832618 0.0120171673819742 0.00858369098712446 0.0111587982832618 0.0103004291845494 0.00600858369098712 0.00515021459227468 0.00600858369098712 0.00515021459227468 0.00429184549356223 0.00686695278969957 0.00257510729613734 0.00515021459227468 0.000858369098712446 0.000858369098712446 0.000858369098712446 0.00515021459227468 0.0506437768240343
0 0.00777873811581677 0.017286084701815 0.0328435609334486 0.0406222990492653 0.0509939498703544 0.0380293863439931 0.0267934312878133 0.0181503889369058 0.0198789974070873 0.017286084701815 0.020743301642178 0.0198789974070873 0.0155574762316335 0.0181503889369058 0.017286084701815 0.00605012964563526 0.00691443388072602 0.00950734658599827 0.00345721694036301 0.00518582541054451 0.000864304235090752 0.00605012964563526 0.00432152117545376 0.00259291270527226 0.00691443388072602 0.00345721694036301 0.00432152117545376 0.00345721694036301 0.113223854796888 0 0.000864304235090752 0.00691443388072602 0.0259291270527226 0.0293863439930856 0.0233362143474503 0.0242005185825411 0.0216076058772688 0.0233362143474503 0.0181503889369058 0.0198789974070873 0.0198789974070873 0.0198789974070873 0.020743301642178 0.0198789974070873 0.0121002592912705 0.0112359550561798 0.00691443388072602 0.00864304235090752 0.00950734658599827 0.0017286084701815 0.0121002592912705 0.00605012964563526 0.00691443388072602 0.00518582541054451 0.00518582541054451 0.0017286084701815 0.00345721694036301 0.00864304235090752 0.0890233362143475
0 0.0044404973357016 0.0142095914742451 0.0355239786856128 0.0710479573712256 0.066607460035524 0.0390763765541741 0.0168738898756661 0.0284191829484902 0.022202486678508 0.022202486678508 0.0168738898756661 0.0204262877442274 0.0186500888099467 0.0106571936056838 0.00621669626998224 0.00710479573712256 0.00355239786856128 0.00710479573712256 0.0044404973357016 0.0044404973357016 0.00088809946714032 0.00266429840142096 0.00532859680284192 0.0044404973357016 0.00266429840142096 0.0044404973357016 0.00355239786856128 0.00266429840142096 0.0568383658969805 0 0 0.0133214920071048 0.0355239786856128 0.0488454706927176 0.0452930728241563 0.0284191829484902 0.0159857904085258 0.0266429840142096 0.019538188277087 0.0177619893428064 0.0266429840142096 0.0177619893428064 0.019538188277087 0.0142095914742451 0.0142095914742451 0.00799289520426288 0.00532859680284192 0.0106571936056838 0.00976909413854352 0.0088809946714032 0.00799289520426288 0.00355239786856128 0.00621669626998224 0.00621669626998224 0.00621669626998224 0.00532859680284192 0.00532859680284192 0.0044404973357016 0.0648312611012433
0.00340136054421769 0.0076530612244898 0.00935374149659864 0.0467687074829932 0.0433673469387755 0.0518707482993197 0.0476190476190476 0.0289115646258503 0.0255102040816327 0.0238095238095238 0.022108843537415 0.016156462585034 0.016156462585034 0.0136054421768707 0.00680272108843537 0.0110544217687075 0.00510204081632653 0.00680272108843537 0.00595238095238095 0.00595238095238095 0.00425170068027211 0.00340136054421769 0.00595238095238095 0.00340136054421769 0.00425170068027211 0.00255102040816327 0.00680272108843537 0.00170068027210884 0.00255102040816327 0.0586734693877551 0.00680272108843537 0.00595238095238095 0.0127551020408163 0.0238095238095238 0.0340136054421769 0.0578231292517007 0.048469387755102 0.0331632653061225 0.022108843537415 0.0187074829931973 0.0280612244897959 0.0212585034013605 0.0127551020408163 0.0212585034013605 0.0076530612244898 0.0127551020408163 0.0110544217687075 0.00850340136054422 0.00850340136054422 0.0110544217687075 0.00255102040816327 0.00935374149659864 0.00935374149659864 0.00595238095238095 0.00510204081632653 0.00340136054421769 0.00340136054421769 0.00170068027210884 0.00425170068027211 0.0569727891156463
0.0205303678357571 0.0453378956372968 0.048759623609923 0.0325064157399487 0.0402053036783576 0.0658682634730539 0.0461933276304534 0.0230966638152267 0.0248075278015398 0.0171086398631309 0.0145423438836612 0.0153977758768178 0.0119760479041916 0.0153977758768178 0.00684345594525235 0.00427715996578272 0.00342172797262618 0.00513259195893926 0.00256629597946963 0.00598802395209581 0.00171086398631309 0.00684345594525235 0.00171086398631309 0.000855431993156544 0.00256629597946963 0.00342172797262618 0.000855431993156544 0.00256629597946963 0.00256629597946963 0.0547476475620188 0.0205303678357571 0.0316509837467921 0.0290846877673225 0.0273738237810094 0.0367835757057314 0.0427715996578272 0.0419161676646707 0.0307955517536356 0.0145423438836612 0.0162532078699743 0.0162532078699743 0.0145423438836612 0.0111206159110351 0.0179640718562874 0.0128314798973482 0.0128314798973482 0.00598802395209581 0.00427715996578272 0.0111206159110351 0.00684345594525235 0.00171086398631309 0.00427715996578272 0.00256629597946963 0.00598802395209581 0.00342172797262618 0.00342172797262618 0.00256629597946963 0.00171086398631309 0.00171086398631309 0.039349871685201
0.0142857142857143 0.208403361344538 0.0638655462184874 0.0285714285714286 0.0403361344537815 0.0319327731092437 0.0218487394957983 0.0218487394957983 0.00840336134453781 0.0151260504201681 0.0159663865546218 0.0117647058823529 0.00840336134453781 0.0092436974789916 0.00840336134453781 0.00420168067226891 0.00588235294117647 0.00420168067226891 0.00588235294117647 0.00168067226890756 0.00168067226890756 0.00252100840336134 0.00420168067226891 0.00420168067226891 0.00252100840336134 0.000840336134453782 0.00168067226890756 0.00168067226890756 0.00252100840336134 0.00840336134453781 0.0159663865546218 0.147058823529412 0.0285714285714286 0.0319327731092437 0.0285714285714286 0.0210084033613445 0.0184873949579832 0.0218487394957983 0.0159663865546218 0.0126050420168067 0.00756302521008403 0.0092436974789916 0.00504201680672269 0.0092436974789916 0.00420168067226891 0.0100840336134454 0.00840336134453781 0.00252100840336134 0.00168067226890756 0.00336134453781513 0.00588235294117647 0.00252100840336134 0.00336134453781513 0.00252100840336134 0.00168067226890756 0.00252100840336134 0.00336134453781513 0.00168067226890756 0.000840336134453782 0.0117647058823529
0.0264054514480409 0.109880749574106 0.135434412265758 0.0477001703577513 0.020442930153322 0.0178875638841567 0.0178875638841567 0.0195911413969336 0.00936967632027257 0.0170357751277683 0.0110732538330494 0.00936967632027257 0.00681431005110733 0.00596252129471891 0.00425894378194208 0.00340715502555366 0.00596252129471891 0.00936967632027257 0.00766609880749574 0 0.00255536626916525 0.00255536626916525 0.00425894378194208 0.00255536626916525 0.00255536626916525 0.00340715502555366 0.00255536626916525 0.00170357751277683 0.00255536626916525 0.0229982964224872 0.0434412265758092 0.110732538330494 0.0766609880749574 0.0315161839863714 0.0178875638841567 0.0144804088586031 0.0127768313458262 0.0136286201022147 0.0119250425894378 0.0110732538330494 0.0127768313458262 0.0119250425894378 0.010221465076661 0.0110732538330494 0.00425894378194208 0.00255536626916525 0.00425894378194208 0.00425894378194208 0.00511073253833049 0.00340715502555366 0.00255536626916525 0 0.00255536626916525 0.00766609880749574 0.00425894378194208 0.00340715502555366 0.00255536626916525 0.00255536626916525 0.00255536626916525 0.0247018739352641
0.0192982456140351 0.166666666666667 0.0815789473684211 0.0947368421052632 0.0263157894736842 0.0140350877192982 0.0166666666666667 0.0201754385964912 0.0105263157894737 0.0087719298245614 0.0157894736842105 0.00350877192982456 0.0043859649122807 0.00526315789473684 0.00175438596491228 0.00789473684210526 0.00263157894736842 0.00789473684210526 0.0043859649122807 0.00350877192982456 0.00175438596491228 0.00087719298245614 0.00263157894736842 0.0043859649122807 0.0043859649122807 0.00175438596491228 0.00263157894736842 0.00087719298245614 0.00263157894736842 0.0149122807017544 0.0105263157894737 0.101754385964912 0.0789473684210526 0.0570175438596491 0.0245614035087719 0.0166666666666667 0.0131578947368421 0.0140350877192982 0.0105263157894737 0.0087719298245614 0.0105263157894737 0.00701754385964912 0.00789473684210526 0.0087719298245614 0.0043859649122807 0.0087719298245614 0.00350877192982456 0.00614035087719298 0.00614035087719298 0.00350877192982456 0.00350877192982456 0.00526315789473684 0.00350877192982456 0.00263157894736842 0.00350877192982456 0.00263157894736842 0.00087719298245614 0.00175438596491228 0.00087719298245614 0.0201754385964912
0.00505050505050505 0.135521885521886 0.223905723905724 0.108585858585859 0.0496632996632997 0.0269360269360269 0.00841750841750842 0.00673400673400673 0.00589225589225589 0.00589225589225589 0.00252525252525253 0.00252525252525253 0.00252525252525253 0.00336700336700337 0.000841750841750842 0.00336700336700337 0.000841750841750842 0.00252525252525253 0.000841750841750842 0 0.000841750841750842 0.00336700336700337 0 0.00252525252525253 0.00168350168350168 0.000841750841750842 0 0 0.000841750841750842 0.00925925925925926 0.00336700336700337 0.103535353535354 0.127104377104377 0.0462962962962963 0.0353535353535354 0.0109427609427609 0.00168350168350168 0.00420875420875421 0.00589225589225589 0.00252525252525253 0.00252525252525253 0.00252525252525253 0.00336700336700337 0.00336700336700337 0.00168350168350168 0.00336700336700337 0 0 0.00252525252525253 0.00252525252525253 0.00336700336700337 0.00168350168350168 0.000841750841750842 0.000841750841750842 0.00252525252525253 0.00168350168350168 0.000841750841750842 0 0.000841750841750842 0.00925925925925926
0.00338123415046492 0.0566356720202874 0.150464919695689 0.21978021978022 0.0777683854606932 0.0304311073541843 0.0160608622147084 0.00507185122569738 0.00338123415046492 0.00084530853761623 0.00084530853761623 0.00169061707523246 0.00422654268808115 0.00084530853761623 0.00084530853761623 0 0 0.00084530853761623 0 0 0.00084530853761623 0 0.00169061707523246 0 0 0 0 0 0.00169061707523246 0.00338123415046492 0.00338123415046492 0.0464919695688926 0.118343195266272 0.147083685545224 0.0473372781065089 0.0211327134404057 0.0101437024513948 0.00253592561284869 0.00169061707523246 0.00169061707523246 0.00084530853761623 0 0.00253592561284869 0.00169061707523246 0 0.00253592561284869 0.00169061707523246 0 0 0 0.00084530853761623 0.00169061707523246 0 0.00084530853761623 0.00084530853761623 0 0 0.00084530853761623 0 0.00507185122569738
0 0.0195911413969336 0.045144804088586 0.155025553662692 0.18824531516184 0.0911413969335605 0.0485519591141397 0.0127768313458262 0.00766609880749574 0.00255536626916525 0.00255536626916525 0 0.000851788756388416 0.000851788756388416 0.00170357751277683 0 0.000851788756388416 0 0.000851788756388416 0 0 0 0.000851788756388416 0 0 0 0 0 0 0 0.000851788756388416 0.0161839863713799 0.0511073253833049 0.100511073253833 0.129471890971039 0.0672913117546848 0.0255536626916525 0.0110732538330494 0.00511073253833049 0.00425894378194208 0.000851788756388416 0.00170357751277683 0 0.000851788756388416 0.000851788756388416 0.000851788756388416 0 0.00170357751277683 0 0 0 0 0 0 0.000851788756388416 0.000851788756388416 0 0 0 0.000851788756388416
#: #!
