# Number of years length comps: nyrs_srv1lens
17
# Survey length comps years
1984 1987 1990 1993 1996 1999 2003 2005 2007 2009 2011 2013 2015 2017 2019 2021 2023
# Number of samples: nsamples_srv1_age(1,nyrs_srv1lens)
16 11 12 16 18 18 17 17 16 16 14 11 14 15 17 17 14
# Observed survey length compositions (proportions at age): osc_srv(1,nyrs_srv1lens,1,nlens*2)
0.00482733011511326 0.00482733011511326 0.00631266245822503 0.0157816561455626 0.0280356479762347 0.0404753063497958 0.0466023022651318 0.0445599702933531 0.0436316375789083 0.0402896398069068 0.039175640549573 0.0336056442629038 0.0304493130337913 0.0278499814333457 0.0271073152617898 0.0245079836613442 0.0191236539175641 0.0133679910880059 0.00835499443000371 0.00482733011511326 0.00278499814333457 0.000371333085777943 0.000556999628666914 0 0.000185666542888971 0.000185666542888971 0 0 0 0 0.00575566282955811 0.00705532862978091 0.0126253249164501 0.0213516524322317 0.0362049758633494 0.0479019680653546 0.0484589676940215 0.0501299665800223 0.0449313033791311 0.0430746379502414 0.0423319717786855 0.0397326401782399 0.0330486446342369 0.0232083178611214 0.0176383215744523 0.00854066097289269 0.00556999628666914 0.0025993316004456 0.000928332714444857 0.000742666171555886 0.000371333085777943 0 0 0 0 0 0 0 0 0
0.000302846759539673 0.00242277407631738 0.00363416111447608 0.0109024833434282 0.0211992731677771 0.029678982434888 0.0417928528164749 0.0384615384615385 0.0396729254996972 0.0433070866141732 0.0393700787401575 0.0399757722592368 0.0390672319806178 0.0372501514233798 0.0372501514233798 0.029678982434888 0.0215021199273168 0.0151423379769836 0.0102967898243489 0.00545124167171411 0.00393700787401575 0.00211992731677771 0.00121138703815869 0.000908540278619019 0.000302846759539673 0 0 0 0 0 0.00121138703815869 0.00302846759539673 0.00938824954572986 0.0202907328891581 0.0308903694730466 0.0366444579043004 0.0420956995760145 0.0460327074500303 0.0496668685645064 0.049969715324046 0.0493640218049667 0.0439127801332526 0.0366444579043004 0.0254391278013325 0.0215021199273168 0.00938824954572986 0.0033313143549364 0.00393700787401575 0.00151423379769836 0.000302846759539673 0.000302846759539673 0 0 0.000302846759539673 0 0 0 0 0 0
0.001886080724255 0.00641267446246699 0.020369671821954 0.027536778574123 0.026782346284421 0.021124104111656 0.019238023387401 0.020746887966805 0.020369671821954 0.022255752546209 0.027159562429272 0.027159562429272 0.032440588457186 0.035081101471143 0.043379856657865 0.042625424368163 0.028291210863825 0.025650697849868 0.018106374952848 0.010939268200679 0.00716710675216899 0.00792153904187099 0.00377216144851 0.002263296869106 0.001508864579404 0 0.000754432289701999 0.000377216144851 0 0 0.001886080724255 0.00943040362127499 0.019238023387401 0.027159562429272 0.019238023387401 0.020369671821954 0.021124104111656 0.027159562429272 0.028668427008676 0.043757072802716 0.053941908713693 0.0648811769143719 0.0569596378725009 0.044888721237269 0.03017729158808 0.018483591097699 0.00641267446246699 0.00377216144851 0.000377216144851 0.000377216144851 0 0 0 0 0 0 0 0 0 0
0.0030228084638637 0.00824402308326463 0.0167628469359714 0.0255564715581204 0.0299532838691948 0.0313272877164056 0.0359989007969222 0.0376477054135752 0.0329760923330585 0.0327012915636164 0.0261060730970047 0.0236328661720253 0.023083264633141 0.0219840615553724 0.0263808738664468 0.0261060730970047 0.0228084638636988 0.0175872492442979 0.0148392415498763 0.00989282769991756 0.00467161308051663 0.00164880461665293 0.00164880461665293 0.000549601538884309 0.00109920307776862 0.000549601538884309 0 0 0 0 0.00357241000274801 0.00934322616103325 0.0170376477054136 0.0307776861775213 0.0335256938719428 0.0359989007969222 0.0370981038746908 0.0387469084913438 0.0401209123385545 0.0368233031052487 0.0384721077219016 0.0469909315746084 0.0519373454245672 0.0431437208024182 0.0294036823303105 0.015938444627645 0.00659521846661171 0.00274800769442154 0.00274800769442154 0.000274800769442154 0.000824402308326463 0.000549601538884309 0 0 0 0 0 0 0 0
0.00415251038127595 0.00868252170630427 0.0218950547376368 0.0245375613439034 0.020007550018875 0.0192525481313703 0.0143450358625897 0.0154775386938467 0.0177425443563609 0.0222725556813892 0.0237825594563986 0.0298225745564364 0.0298225745564364 0.0317100792751982 0.0245375613439034 0.024160060400151 0.024160060400151 0.0268025670064175 0.0207625519063798 0.0184975462438656 0.0124575311438279 0.0117025292563231 0.00792751981879955 0.00377500943752359 0.00302000755001887 0.00226500566251416 0.0018875047187618 0.00113250283125708 0 0.00113250283125708 0.00377500943752359 0.00906002265005663 0.0215175537938845 0.0256700641751604 0.0249150622876557 0.0162325405813515 0.0192525481313703 0.0215175537938845 0.0362400906002265 0.0419026047565119 0.0453001132502831 0.0581351453378633 0.052472631181578 0.0551151377878445 0.0419026047565119 0.029445073612684 0.0184975462438656 0.00604001510003775 0.00339750849377123 0.00151000377500944 0.000377500943752359 0 0 0 0 0 0 0 0 0
0.0146153846153846 0.0288461538461538 0.0311538461538462 0.0426923076923077 0.0369230769230769 0.0284615384615385 0.0257692307692308 0.0226923076923077 0.0203846153846154 0.0157692307692308 0.0180769230769231 0.0126923076923077 0.0161538461538462 0.0126923076923077 0.015 0.0180769230769231 0.0142307692307692 0.0165384615384615 0.015 0.015 0.0107692307692308 0.0115384615384615 0.00615384615384615 0.00384615384615385 0.00384615384615385 0.00153846153846154 0.000769230769230769 0.00115384615384615 0 0.000384615384615385 0.0215384615384615 0.0296153846153846 0.0419230769230769 0.0461538461538462 0.0392307692307692 0.0265384615384615 0.0326923076923077 0.0261538461538462 0.0234615384615385 0.0230769230769231 0.0296153846153846 0.0315384615384615 0.0442307692307692 0.0376923076923077 0.0373076923076923 0.0230769230769231 0.015 0.00653846153846154 0.00230769230769231 0.000384615384615385 0.000769230769230769 0.000384615384615385 0 0 0 0 0 0 0 0
0.00106534090909091 0.00213068181818182 0.00887784090909091 0.0216619318181818 0.0383522727272727 0.0447443181818182 0.0394176136363636 0.0358664772727273 0.0308948863636364 0.0337357954545455 0.0319602272727273 0.0337357954545455 0.0305397727272727 0.0280539772727273 0.0269886363636364 0.0177556818181818 0.0120738636363636 0.00994318181818182 0.00603693181818182 0.00887784090909091 0.00852272727272727 0.00390625 0.00319602272727273 0.00213068181818182 0.00142045454545455 0.00248579545454545 0.00106534090909091 0.000710227272727273 0 0 0.00142045454545455 0.00284090909090909 0.0113636363636364 0.0305397727272727 0.0458096590909091 0.0475852272727273 0.0390625 0.0369318181818182 0.0419034090909091 0.0450994318181818 0.0482954545454545 0.0422585227272727 0.0372869318181818 0.0276988636363636 0.0216619318181818 0.0166903409090909 0.00852272727272727 0.00461647727272727 0.00248579545454545 0.000710227272727273 0.000355113636363636 0.000355113636363636 0 0 0 0 0.000355113636363636 0 0 0
0.00696736340300697 0.00953428676200953 0.0161349468280161 0.0139347268060139 0.0139347268060139 0.0088008800880088 0.0161349468280161 0.0249358269160249 0.0326365969930326 0.0308030803080308 0.0333700036670334 0.0333700036670334 0.0414374770810414 0.0377704437110378 0.0326365969930326 0.0286028602860286 0.0212687935460213 0.0113678034470114 0.00843417675100843 0.0088008800880088 0.00476714338100477 0.00403373670700403 0.00256692335900257 0.00366703337000367 0.0011001100110011 0.00146681334800147 0.000733406674000733 0.000733406674000733 0.000366703337000367 0 0.00806747341400807 0.0113678034470114 0.0168683535020169 0.0205353868720205 0.0165016501650165 0.0183351668500183 0.0256692335900257 0.0326365969930326 0.0407040704070407 0.0616061606160616 0.0568390172350568 0.0575724239090576 0.0506050605060506 0.0418041804180418 0.0352035203520352 0.0242024202420242 0.0128346167950128 0.0106343967730106 0.00256692335900257 0.00183351668500183 0.00183351668500183 0.000366703337000367 0 0 0 0 0.0011001100110011 0 0 0
0.0047438330170778 0.0071157495256167 0.019449715370019 0.0251423149905123 0.0199240986717268 0.0260910815939279 0.0232447817836812 0.027988614800759 0.023719165085389 0.0256166982922201 0.0251423149905123 0.0208728652751423 0.023719165085389 0.0298861480075901 0.0303605313092979 0.0251423149905123 0.0218216318785579 0.0189753320683112 0.0132827324478178 0.0104364326375712 0.0071157495256167 0.0071157495256167 0.00521821631878558 0.0047438330170778 0.00379506641366224 0.00189753320683112 0.00142314990512334 0.00047438330170778 0.00094876660341556 0.00047438330170778 0.00521821631878558 0.0109108159392789 0.0175521821631879 0.0275142314990512 0.032258064516129 0.0336812144212524 0.032258064516129 0.0332068311195446 0.0417457305502846 0.0455407969639469 0.051707779886148 0.0502846299810247 0.0455407969639469 0.0355787476280835 0.0327324478178368 0.023719165085389 0.00996204933586338 0.00806451612903226 0.00426944971537002 0.00189753320683112 0 0 0 0 0 0 0 0 0 0
0.0151753008895866 0.00575614861329147 0.00680272108843537 0.0151753008895866 0.0162218733647305 0.0225013082155939 0.0251177394034537 0.0251177394034537 0.0230245944531659 0.0272108843537415 0.021978021978022 0.0204081632653061 0.0230245944531659 0.0282574568288854 0.0251177394034537 0.0298273155416013 0.0251177394034537 0.0225013082155939 0.0162218733647305 0.0120355834641549 0.00941915227629513 0.00837257980115123 0.00889586603872318 0.00418628990057562 0.00366300366300366 0.000523286237571952 0.0010465724751439 0.000523286237571952 0.000523286237571952 0.0010465724751439 0.010989010989011 0.0141287284144427 0.0125588697017268 0.0172684458398744 0.021978021978022 0.0313971742543171 0.0240711669283098 0.032443746729461 0.0413396127681842 0.043432757718472 0.0523286237571952 0.0523286237571952 0.0575614861329147 0.0450026164311879 0.0387231815803244 0.0256410256410256 0.0146520146520147 0.010465724751439 0.00470957613814757 0.00209314495028781 0.00156985871271586 0 0 0 0 0.000523286237571952 0 0 0 0
0.00144508670520231 0.00216763005780347 0.0065028901734104 0.0252890173410405 0.0404624277456647 0.0513005780346821 0.041907514450867 0.0346820809248555 0.0281791907514451 0.0166184971098266 0.0173410404624277 0.0158959537572254 0.0151734104046243 0.0166184971098266 0.0223988439306358 0.0151734104046243 0.0202312138728324 0.0101156069364162 0.0101156069364162 0.0115606936416185 0.00867052023121387 0.00216763005780347 0.00216763005780347 0.00216763005780347 0.00289017341040462 0.000722543352601156 0.000722543352601156 0.000722543352601156 0 0 0.00361271676300578 0.00289017341040462 0.0151734104046243 0.0339595375722543 0.0628612716763006 0.0606936416184971 0.0404624277456647 0.0354046242774567 0.0303468208092486 0.0332369942196532 0.0513005780346821 0.0505780346820809 0.0469653179190751 0.0361271676300578 0.0339595375722543 0.0173410404624277 0.0108381502890173 0.00578034682080925 0.00433526011560694 0 0.000722543352601156 0 0 0 0 0 0 0 0 0
0 0 0.00345622119815668 0.00230414746543779 0.0184331797235023 0.0149769585253456 0.032258064516129 0.0345622119815668 0.0264976958525346 0.0357142857142857 0.0311059907834101 0.0195852534562212 0.0357142857142857 0.0276497695852535 0.0241935483870968 0.0161290322580645 0.0195852534562212 0.0241935483870968 0.0138248847926267 0.0115207373271889 0.0149769585253456 0.00576036866359447 0.00691244239631336 0.00576036866359447 0.00115207373271889 0.00230414746543779 0.00345622119815668 0 0.00230414746543779 0 0.00230414746543779 0.00345622119815668 0.00576036866359447 0.00921658986175115 0.0207373271889401 0.0345622119815668 0.0368663594470046 0.0460829493087558 0.0483870967741935 0.0426267281105991 0.0518433179723502 0.0552995391705069 0.0529953917050691 0.0518433179723502 0.0368663594470046 0.0253456221198157 0.021889400921659 0.0115207373271889 0.00460829493087558 0.00115207373271889 0.00230414746543779 0 0 0 0 0 0 0 0 0
0.0191881918819188 0.0169741697416974 0.0206642066420664 0.0317343173431734 0.040590405904059 0.0428044280442804 0.0354243542435424 0.0287822878228782 0.0214022140221402 0.0214022140221402 0.022140221402214 0.022140221402214 0.029520295202952 0.0214022140221402 0.0140221402214022 0.0177121771217712 0.0125461254612546 0.00664206642066421 0.00959409594095941 0.00516605166051661 0.0044280442804428 0.00516605166051661 0.0014760147601476 0.0014760147601476 0.0029520295202952 0.0014760147601476 0.000738007380073801 0 0.0014760147601476 0 0.0265682656826568 0.0125461254612546 0.0206642066420664 0.0391143911439114 0.044280442804428 0.044280442804428 0.0280442804428044 0.0287822878228782 0.03690036900369 0.0538745387453875 0.0428044280442804 0.0435424354243542 0.0376383763837638 0.0317343173431734 0.0214022140221402 0.0118081180811808 0.0103321033210332 0.00516605166051661 0 0 0.000738007380073801 0.000738007380073801 0 0 0 0 0 0 0 0
0.0253086419753086 0.0228395061728395 0.0382716049382716 0.0506172839506173 0.0598765432098765 0.058641975308642 0.058641975308642 0.0530864197530864 0.037037037037037 0.0209876543209877 0.00925925925925926 0.0148148148148148 0.00864197530864197 0.00555555555555556 0.00246913580246914 0.00617283950617284 0.00246913580246914 0.00432098765432099 0.000617283950617284 0.0037037037037037 0.00185185185185185 0 0.000617283950617284 0.00123456790123457 0.00123456790123457 0 0.000617283950617284 0 0 0.000617283950617284 0.0216049382716049 0.0209876543209877 0.0376543209876543 0.054320987654321 0.0709876543209877 0.0648148148148148 0.0580246913580247 0.0425925925925926 0.0234567901234568 0.0216049382716049 0.0209876543209877 0.017283950617284 0.0197530864197531 0.0123456790123457 0.0123456790123457 0.00432098765432099 0.00493827160493827 0.00185185185185185 0 0 0 0 0 0 0 0 0 0 0 0
0.00563380281690141 0.0146478873239437 0.0405633802816901 0.0656338028169014 0.068169014084507 0.0709859154929577 0.067887323943662 0.047887323943662 0.0363380281690141 0.0267605633802817 0.0208450704225352 0.0129577464788732 0.00619718309859155 0.00591549295774648 0.00507042253521127 0.00309859154929577 0.00253521126760563 0.00140845070422535 0.00169014084507042 0.000563380281690141 0.00028169014084507 0.000563380281690141 0.00028169014084507 0.00028169014084507 0.000845070422535211 0.000563380281690141 0 0 0 0 0.00535211267605634 0.0264788732394366 0.0529577464788732 0.0707042253521127 0.0723943661971831 0.0667605633802817 0.0563380281690141 0.0425352112676056 0.0323943661971831 0.0202816901408451 0.0109859154929577 0.0095774647887324 0.00816901408450704 0.00704225352112676 0.00563380281690141 0.00309859154929577 0.000845070422535211 0.000845070422535211 0 0 0 0 0 0 0 0 0 0 0 0
0.0117390117390117 0.0322140322140322 0.0464100464100464 0.0608790608790609 0.055965055965056 0.0515970515970516 0.0507780507780508 0.0431340431340431 0.0442260442260442 0.0352170352170352 0.0256620256620257 0.0207480207480207 0.0144690144690145 0.00791700791700792 0.00655200655200655 0.00354900354900355 0.00191100191100191 0.000273000273000273 0.000273000273000273 0 0 0.000273000273000273 0 0.000273000273000273 0.000273000273000273 0 0 0 0 0 0.0166530166530167 0.0349440349440349 0.0494130494130494 0.0606060606060606 0.0507780507780508 0.0518700518700519 0.0507780507780508 0.0477750477750478 0.0442260442260442 0.0308490308490308 0.0185640185640186 0.00982800982800983 0.00764400764400764 0.00573300573300573 0.00327600327600328 0.00163800163800164 0.000819000819000819 0.000273000273000273 0 0 0 0 0 0 0 0 0 0 0 0
0.00532544378698225 0.00710059171597633 0.0183431952662722 0.0402366863905325 0.0473372781065089 0.0662721893491124 0.0562130177514793 0.0520710059171598 0.0544378698224852 0.0420118343195266 0.027810650887574 0.0165680473372781 0.0171597633136095 0.0130177514792899 0.0118343195266272 0.00828402366863905 0.00473372781065089 0.00355029585798817 0.00177514792899408 0.00118343195266272 0.00118343195266272 0.000591715976331361 0.000591715976331361 0 0 0 0.000591715976331361 0 0 0 0.00828402366863905 0.0136094674556213 0.0266272189349112 0.0449704142011834 0.0556213017751479 0.0597633136094675 0.0644970414201183 0.0514792899408284 0.0514792899408284 0.0414201183431953 0.0266272189349112 0.0224852071005917 0.014792899408284 0.00769230769230769 0.00473372781065089 0.0029585798816568 0.00118343195266272 0.00236686390532544 0.000591715976331361 0 0 0.000591715976331361 0 0 0 0 0 0 0 0
#: #!
