# Number of years age comps: nyrs_srv1age
6
# Fishery age comps years
1981 1985 1987 1989 1991 1993
# Number of samples: nsamples_srv1_age(1,nyrs_srv1age)
2 3 5 8 5 8
# Observed survey age compositions (proportions at age): oac_srv(1,nyrs_srv1age,1,nages*2)
0.00612244897959184 0.063265306122449 0.108163265306122 0.0428571428571429 0.00408163265306122 0.0163265306122449 0.00816326530612245 0.0122448979591837 0.0142857142857143 0.0122448979591837 0.0244897959183673 0.0142857142857143 0.0244897959183673 0.0204081632653061 0.0183673469387755 0.0244897959183673 0.0306122448979592 0.00408163265306122 0.0183673469387755 0.00816326530612245 0.00408163265306122 0.00816326530612245 0.0122448979591837 0.00408163265306122 0.00408163265306122 0.00612244897959184 0.00204081632653061 0.00816326530612245 0.00408163265306122 0.0489795918367347 0.00408163265306122 0.0653061224489796 0.102040816326531 0.0224489795918367 0 0.00612244897959184 0.00408163265306122 0.00816326530612245 0.00816326530612245 0.0142857142857143 0.0142857142857143 0.0183673469387755 0.0142857142857143 0.0142857142857143 0.0102040816326531 0.0204081632653061 0.0122448979591837 0.00816326530612245 0.00816326530612245 0.00612244897959184 0.00612244897959184 0.00408163265306122 0.0122448979591837 0 0.00612244897959184 0.00204081632653061 0.00408163265306122 0.00204081632653061 0.00204081632653061 0.0224489795918367
0.0154559505409583 0.0316846986089645 0.0726429675425039 0.0564142194744977 0.0347758887171561 0.0378670788253478 0.173879443585781 0.0131375579598145 0.0131375579598145 0.00309119010819165 0.00386398763523957 0.00772797527047913 0.00386398763523957 0.00695517774343122 0.00618238021638331 0.00386398763523957 0.00309119010819165 0.00463678516228748 0.00154559505409583 0.00540958268933539 0.00463678516228748 0.00618238021638331 0.00463678516228748 0.00386398763523957 0.00309119010819165 0.00386398763523957 0.00154559505409583 0.00618238021638331 0.00309119010819165 0.0340030911901082 0.0123647604327666 0.0401854714064915 0.0741885625965997 0.0486862442040185 0.0332302936630603 0.0200927357032458 0.098145285935085 0.00463678516228748 0.00386398763523957 0.00618238021638331 0.00927357032457496 0.00618238021638331 0.00231839258114374 0.00386398763523957 0.00309119010819165 0.00386398763523957 0.00695517774343122 0.00386398763523957 0.00309119010819165 0.00695517774343122 0.00309119010819165 0.00154559505409583 0.00386398763523957 0 0.00386398763523957 0.00386398763523957 0.00309119010819165 0.00309119010819165 0.00154559505409583 0.0146831530139104
0.0136986301369863 0.0540334855403349 0.0570776255707763 0.0273972602739726 0.0616438356164384 0.0487062404870624 0.0509893455098935 0.0372907153729072 0.089041095890411 0.0273972602739726 0.0251141552511416 0.0159817351598174 0.015220700152207 0.00684931506849315 0.0045662100456621 0.0030441400304414 0.0060882800608828 0.0030441400304414 0.00380517503805175 0.0015220700152207 0.00228310502283105 0.00228310502283105 0.0015220700152207 0.00228310502283105 0.00076103500761035 0.0030441400304414 0.0030441400304414 0.00076103500761035 0.0015220700152207 0.0190258751902588 0.0060882800608828 0.045662100456621 0.0395738203957382 0.0213089802130898 0.0502283105022831 0.0380517503805175 0.0266362252663623 0.0243531202435312 0.045662100456621 0.0159817351598174 0.017503805175038 0.0114155251141553 0.0076103500761035 0.0030441400304414 0.00684931506849315 0.00380517503805175 0.0060882800608828 0.00380517503805175 0.00228310502283105 0.0015220700152207 0.0015220700152207 0.00076103500761035 0.0030441400304414 0.00228310502283105 0.00380517503805175 0.0015220700152207 0.00076103500761035 0.00076103500761035 0.00532724505327245 0.0136986301369863
0.000465116279069767 0.0111627906976744 0.0362790697674419 0.0395348837209302 0.0386046511627907 0.0288372093023256 0.0497674418604651 0.0465116279069767 0.047906976744186 0.0423255813953488 0.0474418604651163 0.0237209302325581 0.0223255813953488 0.0195348837209302 0.0134883720930233 0.00883720930232558 0.00837209302325581 0.00465116279069767 0.00372093023255814 0.00372093023255814 0.00465116279069767 0.00697674418604651 0.00232558139534884 0.0027906976744186 0.00558139534883721 0.00604651162790698 0.00558139534883721 0.00418604651162791 0.00325581395348837 0.0493023255813953 0.00186046511627907 0.00883720930232558 0.0223255813953488 0.0288372093023256 0.0283720930232558 0.0181395348837209 0.0311627906976744 0.0237209302325581 0.0330232558139535 0.0348837209302326 0.0302325581395349 0.0227906976744186 0.0204651162790698 0.0144186046511628 0.00604651162790698 0.00651162790697674 0.00697674418604651 0.00418604651162791 0.00558139534883721 0.00372093023255814 0.0027906976744186 0.0027906976744186 0.00325581395348837 0.0027906976744186 0.00558139534883721 0.00465116279069767 0.00465116279069767 0.00325581395348837 0.00325581395348837 0.0269767441860465
0.00125470514429109 0.0351317440401506 0.0476787954830615 0.0501882057716437 0.0313676286072773 0.0702634880803011 0.0501882057716437 0.0501882057716437 0.0514429109159348 0.0401505646173149 0.0514429109159348 0.0288582183186951 0.0351317440401506 0.0175658720200753 0.0125470514429109 0.00627352572145546 0.00878293601003764 0.00376411543287327 0.00250941028858218 0.00125470514429109 0.00125470514429109 0.00250941028858218 0.00501882057716437 0.00376411543287327 0 0.00501882057716437 0.00250941028858218 0.00250941028858218 0.00125470514429109 0.00878293601003764 0.00125470514429109 0.0363864491844417 0.0464240903387704 0.0388958594730238 0.0175658720200753 0.0263488080301129 0.0213299874529486 0.0213299874529486 0.0238393977415307 0.0250941028858218 0.0288582183186951 0.0150564617314931 0.0163111668757842 0.00752823086574655 0.00627352572145546 0.00376411543287327 0 0.00250941028858218 0.00501882057716437 0.00125470514429109 0.00501882057716437 0.00250941028858218 0.00125470514429109 0 0.00376411543287327 0.00250941028858218 0.00376411543287327 0.00125470514429109 0 0.00627352572145546
0.0314318975552969 0.069848661233993 0.0715948777648428 0.0483119906868452 0.0291036088474971 0.0238649592549476 0.0308498253783469 0.0261932479627474 0.0314318975552969 0.0261932479627474 0.0267753201396973 0.0285215366705471 0.0209545983701979 0.0250291036088475 0.0168800931315483 0.0139697322467986 0.00814901047729918 0.00640279394644936 0.00407450523864959 0.00523864959254948 0.00232828870779977 0.00116414435389988 0.00174621653084983 0.00116414435389988 0.00291036088474971 0.00291036088474971 0.00174621653084983 0.00116414435389988 0.00116414435389988 0.0227008149010477 0.0238649592549476 0.0488940628637951 0.0488940628637951 0.040162980209546 0.0273573923166473 0.00814901047729918 0.010477299185099 0.0151338766006985 0.0180442374854482 0.0139697322467986 0.0168800931315483 0.0174621653084983 0.0261932479627474 0.0128055878928987 0.0151338766006985 0.00873108265424913 0.00756693830034924 0.00465657741559953 0.00232828870779977 0.00407450523864959 0.00116414435389988 0.00174621653084983 0.00291036088474971 0.00232828870779977 0.00349243306169965 0.00232828870779977 0.00291036088474971 0.00291036088474971 0.00116414435389988 0.0244470314318976
#: #!
