# Number of years length comps: nyrs_srv2lens
16
# Survey length comps years
1979 1980 1981 1982 1983 1984 1985 1986 1987 1988 1989 1990 1991 1992 1993 1994
# Number of samples: nsamples_srv1_age(1,nyrs_srv2lens)
7 8 6 10 10 10 10 10 10 9 10 10 10 10 10 10
# Observed survey length compositions (proportions at age): osc_srv(1,nyrs_srv2lens,1,nlens*2)
0.00193530550179707 0.00497649986176389 0.00857063865081559 0.0146530273707492 0.0152059717998341 0.0174177495161736 0.0212883605197678 0.0179706939452585 0.0229471938070224 0.0262648603815317 0.0309648880287531 0.0337296101741775 0.0342825546032624 0.0364943323196019 0.0353884434614321 0.035941387890517 0.0353884434614321 0.0337296101741775 0.0323472491014653 0.0265413325960741 0.0237766104506497 0.0179706939452585 0.00967652750898535 0.00497649986176389 0.00442355543267902 0.00165883328725463 0.00193530550179707 0.000276472214542438 0 0.000276472214542438 0.00248824993088195 0.00746474979264584 0.0127177218689522 0.0174177495161736 0.0188001105888858 0.0221177771633951 0.0229471938070224 0.031517832457838 0.0342825546032624 0.0345590268178048 0.038429637821399 0.0373237489632292 0.0367708045341443 0.0356649156759746 0.0323472491014653 0.0265413325960741 0.020182471661598 0.01133536079624 0.0035941387890517 0.00193530550179707 0.000552944429084877 0 0 0 0 0 0 0 0 0
0.000623182384711259 0.00457000415454923 0.0135022850020773 0.0220191109264645 0.0274200249272954 0.0288741171582883 0.0276277523888658 0.0274200249272954 0.0261736601578729 0.0263813876194433 0.027212297465725 0.0292895720814292 0.0311591192355629 0.0315745741587038 0.0328209389281263 0.032197756543415 0.0311591192355629 0.0278354798504362 0.0265891150810137 0.023265475695887 0.0186954715413378 0.0132945575405069 0.00893228084752804 0.00623182384711259 0.00477773161611965 0.0010386373078521 0.0010386373078521 0.00020772746157042 0.00020772746157042 0.000623182384711259 0.00145409223099294 0.0095554632322393 0.0186954715413378 0.0230577482343166 0.0278354798504362 0.027212297465725 0.0270045700041546 0.0292895720814292 0.0326132114665559 0.0328209389281263 0.0340673036975488 0.0342750311591192 0.032197756543415 0.0309513917739925 0.0288741171582883 0.0236809306190278 0.0164104694640631 0.00934773577066888 0.00457000415454923 0.00186954715413378 0.00124636476942252 0.00020772746157042 0 0 0 0 0 0 0 0
0 0.00142045454545455 0.00544507575757576 0.0170454545454545 0.0243844696969697 0.0267518939393939 0.0279356060606061 0.0293560606060606 0.0284090909090909 0.0293560606060606 0.0293560606060606 0.0305397727272727 0.0307765151515152 0.0303030303030303 0.0310132575757576 0.0305397727272727 0.0291193181818182 0.0272253787878788 0.0288825757575758 0.0265151515151515 0.0232007575757576 0.0196496212121212 0.0132575757575758 0.0116003787878788 0.00568181818181818 0.00142045454545455 0.00260416666666667 0.00189393939393939 0.00118371212121212 0.000236742424242424 0.000710227272727273 0.00378787878787879 0.0125473484848485 0.0213068181818182 0.0269886363636364 0.0291193181818182 0.0286458333333333 0.0298295454545455 0.0319602272727273 0.0324337121212121 0.0321969696969697 0.0317234848484848 0.0298295454545455 0.029592803030303 0.0265151515151515 0.0234375 0.0175189393939394 0.0125473484848485 0.00733901515151515 0.00378787878787879 0.000946969696969697 0.00165719696969697 0.000473484848484848 0 0 0 0 0 0 0
0.00056095736724009 0.00177636499626028 0.00476813762154076 0.00906881077038145 0.0160807778608826 0.0212228870605834 0.0292632759910247 0.0334704562453254 0.037584143605086 0.0383320867614061 0.0395474943904263 0.0400149588631264 0.0390800299177263 0.0366492146596859 0.0341249065071055 0.0307591623036649 0.0280478683620045 0.0242146596858639 0.0223448017950636 0.0184181002243829 0.0172026925953628 0.0130890052356021 0.0101907255048616 0.00710545998504114 0.00514210919970082 0.00280478683620045 0.00102842183994016 0.00158937920718025 0.00056095736724009 0.00121540762902019 0.00121540762902019 0.00336574420344054 0.00607703814510097 0.0135564697083022 0.0207554225878833 0.0276738967838444 0.0339379207180254 0.037397157816006 0.0401084517576664 0.0412303664921466 0.0395474943904263 0.037677636499626 0.0328160059835452 0.0285153328347046 0.0227187733732236 0.018605086013463 0.0120605833956619 0.0093492894540015 0.00448765893792072 0.00233732236350037 0.00093492894540015 0.00018698578908003 0.00018698578908003 0 0 0 0 0 0 0
0.000850866336633663 0.00232054455445545 0.00440903465346535 0.00997834158415842 0.0177134900990099 0.0230507425742574 0.0284653465346535 0.03125 0.0333384900990099 0.0348081683168317 0.0348855198019802 0.0355816831683168 0.0387530940594059 0.0375154702970297 0.0375154702970297 0.0351175742574257 0.0327196782178218 0.028542698019802 0.0237469059405941 0.0174040841584158 0.0138459158415842 0.0116027227722772 0.00943688118811881 0.00672957920792079 0.00379022277227723 0.00301670792079208 0.00170173267326733 0.00201113861386139 0.000773514851485149 0.00139232673267327 0.000773514851485149 0.00286200495049505 0.00734839108910891 0.0140006188118812 0.0201113861386139 0.0252939356435644 0.0295482673267327 0.0332611386138614 0.0351175742574257 0.0375928217821782 0.0379795792079208 0.0398360148514851 0.0367419554455446 0.0341893564356436 0.028542698019802 0.0219678217821782 0.0142326732673267 0.00866336633663366 0.00587871287128713 0.00162438118811881 0.00131497524752475 0.000309405940594059 0.000232054455445545 0.000232054455445545 7.73514851485149e-05 0 0 0 0 0
0.000283848992336077 0.000709622480840193 0.00305137666761283 0.00979279023559466 0.0178115242690888 0.0245529378370707 0.0281720124893557 0.0310814646608005 0.0332812943514051 0.0347715015611695 0.0347005393130854 0.0371132557479421 0.0380357649730343 0.0387453874538745 0.0386744252057905 0.0369713312517741 0.0335651433437411 0.029236446210616 0.0249077490774908 0.0202242407039455 0.014689185353392 0.0104314504683508 0.00681237581606585 0.00475447062162929 0.00390292364462106 0.0021998296906046 0.00191598069826852 0.00141924496168039 0.00099347147317627 0.0018450184501845 0.000496735736588135 0.00241271643485666 0.00915413000283849 0.0168180527959126 0.0239852398523985 0.0270366165200114 0.0305137666761283 0.0336361055918252 0.0352682372977576 0.0376099914845302 0.0395259721827987 0.0387453874538745 0.0377519159806983 0.0324297473743968 0.0271075787680954 0.0187340334941811 0.0113539596934431 0.00674141356798183 0.00276752767527675 0.00163213170593244 0.000283848992336077 0.000283848992336077 0.000212886744252058 0.000141924496168039 0.000141924496168039 0.000141924496168039 0.000141924496168039 0.000141924496168039 7.09622480840193e-05 7.09622480840193e-05
0.000119047619047619 0.00107142857142857 0.0031547619047619 0.00613095238095238 0.0107738095238095 0.0179761904761905 0.0235119047619048 0.0283928571428571 0.0333333333333333 0.0360119047619048 0.0377380952380952 0.0380357142857143 0.0404761904761905 0.0401785714285714 0.0397619047619048 0.0389285714285714 0.0357142857142857 0.0326190476190476 0.0275595238095238 0.0227380952380952 0.018452380952381 0.0133333333333333 0.0081547619047619 0.00511904761904762 0.00351190476190476 0.00196428571428571 0.00136904761904762 0.00101190476190476 0.000357142857142857 0.000595238095238095 0.000119047619047619 0.00142857142857143 0.00589285714285714 0.0101190476190476 0.0160119047619048 0.0229166666666667 0.03 0.0339880952380952 0.0378571428571429 0.0397619047619048 0.0411309523809524 0.040952380952381 0.0391666666666667 0.0348214285714286 0.0294642857142857 0.0216666666666667 0.0138095238095238 0.0069047619047619 0.00357142857142857 0.00142857142857143 0.000535714285714286 0.000238095238095238 5.95238095238095e-05 5.95238095238095e-05 0 0 0 0 0 0
6.23674691281028e-05 0.000873144567793439 0.00361731320942996 0.00611201197455407 0.00997879506049645 0.0149681925907447 0.0202070599975053 0.0241985780217039 0.0285643008606711 0.0326181863539978 0.0384807284520394 0.0420356741923413 0.0419109392540851 0.041287264562804 0.0410377946862916 0.0387301983285518 0.0355494574030186 0.0330547586378945 0.029749282774105 0.0245727828364725 0.0189597106149432 0.01577896968941 0.0100411625296245 0.00654858425845079 0.0043657228389672 0.00268180117250842 0.00205812648122739 0.00112261444430585 0.000623674691281028 0.00106024697517775 0.000249469876512411 0.00162155419733067 0.0044280903080953 0.00754646376450044 0.013970313084695 0.0195210178370962 0.0259448671572908 0.0314955719096919 0.0374204814768617 0.0422227765997256 0.0429088187601347 0.0423475115379818 0.0403517525258825 0.0357365598104029 0.0308095297492828 0.0221404515404765 0.0162155419733067 0.00798303604839716 0.00336784333291755 0.00212049395035549 0.000623674691281028 0.000124734938256206 0 0 0 0 0 0 0 0
0 0.000340599455040872 0.00143051771117166 0.00456403269754768 0.00831062670299727 0.0132152588555858 0.0189373297002725 0.0232288828337875 0.0267029972752044 0.0309264305177112 0.0363760217983651 0.0418256130790191 0.0440054495912807 0.0444822888283379 0.0438010899182561 0.0416893732970027 0.0392370572207085 0.0349455040871935 0.0320844686648501 0.026158038147139 0.022275204359673 0.0170299727520436 0.0122615803814714 0.00790190735694823 0.00476839237057221 0.00177111716621253 0.00197547683923706 0.00136239782016349 0.000476839237057221 0.000749318801089918 0 0.000681198910081744 0.00326975476839237 0.00626702997275204 0.0129427792915531 0.0172343324250681 0.0228201634877384 0.0291553133514986 0.0344005449591281 0.039850136239782 0.0431198910081744 0.0431198910081744 0.0417574931880109 0.0376021798365123 0.0319482288828338 0.0232970027247956 0.0151226158038147 0.00790190735694823 0.00422343324250681 0.00149863760217984 0.000476839237057221 0.000272479564032698 0.000136239782016349 0 6.81198910081744e-05 0 0 0 0 0
0 0.000154774802662127 0.00154774802662127 0.00340504565856679 0.00681009131713357 0.0092864881597276 0.0139297322395914 0.0177217149048135 0.0252282928339266 0.03056802352577 0.0374555022442346 0.0404736108961461 0.0434143321467265 0.0458133415879895 0.045271629778672 0.0428726203374091 0.0410153227054635 0.037919826652221 0.0335087447763504 0.0287107258938245 0.0226745085900015 0.0168704534901718 0.0130784708249497 0.00835783934375484 0.00518495588918124 0.00263117164525615 0.000851261414641696 0.00108342361863489 0.00100603621730382 0.000773874013310633 0.000154774802662127 0.00069648661197957 0.00201207243460765 0.00572666769849868 0.00959603776505185 0.0135427952329361 0.019501625135428 0.0262343290512305 0.03420523138833 0.0402414486921529 0.0442655935613682 0.0447299179693546 0.0429500077387401 0.040396223494815 0.0344373935923232 0.0263117164525615 0.0179538771088067 0.00967342516638291 0.00533973069184337 0.00270855904658722 0.00069648661197957 0.000851261414641696 7.73874013310633e-05 0 0 0 0 0 7.73874013310633e-05 0
0 8.39348665435622e-05 0.000335739466174249 0.000923283531979184 0.00226624139667618 0.00470035252643948 0.00629511499076716 0.0104079234514017 0.0146046667785798 0.0214873258351519 0.031643444686923 0.0381903642773208 0.0435621957361088 0.0451569582004365 0.0466677857982206 0.0457445022662414 0.0447372838677186 0.0428067819372167 0.0390297129427564 0.0352526439482961 0.027614571092832 0.0227463488333054 0.01955682390465 0.0125062951149908 0.0086452912539869 0.00411280846063455 0.00302165519556824 0.00218230653013262 0.00117508813160987 0.00176263219741481 0 0.000503609199261373 0.00075541379889206 0.00201443679704549 0.00386100386100386 0.00713446365620279 0.0117508813160987 0.0177941917072352 0.0267752224273963 0.036427732079906 0.0430585865368474 0.0462481114655028 0.0451569582004365 0.0446533490011751 0.0406244754070841 0.0329024676850764 0.0244250461641766 0.0162833641094511 0.0100721839852275 0.00486822225952661 0.00335739466174249 0.00142689273124056 0.00117508813160987 0.000587544065804935 0.000335739466174249 0.000251804599630687 0.000251804599630687 0 8.39348665435622e-05 0
0 0.000486341898354543 0.00162113966118181 0.00421496311907271 0.00672772959390451 0.0102131798654454 0.0145902569506363 0.0148334278998136 0.0190483910188863 0.0230201831887817 0.0291805139012726 0.0359082434951771 0.0417443462754316 0.0448245116316771 0.0470941071573316 0.0450676825808543 0.0445813406824998 0.0406906054956635 0.0363135284104726 0.0316932803761044 0.0248034368160817 0.020588473697009 0.0157250547134636 0.0110237496960363 0.00721407149225906 0.00364756423765907 0.00162113966118181 0.000729512847531815 0.000729512847531815 0.00137796871200454 0.000162113966118181 0.00145902569506363 0.00324227932236362 0.00648455864472724 0.0103752938315636 0.0132933452216908 0.0159682256626408 0.0201831887817135 0.0273162032909135 0.0344492178001135 0.0421496311907271 0.0453108535300316 0.0445813406824998 0.0426359730890816 0.0369619842749453 0.0308016535624544 0.0213990435275999 0.0121585474588636 0.00575504579719543 0.00348545027154089 0.00113479776282727 0.000648455864472724 0.000567398881413634 8.10569830590905e-05 0 0 8.10569830590905e-05 0 0 0
0 0.000458127176104087 0.00119113065787062 0.00348176653839106 0.00513102437236577 0.0079714128642111 0.0114531794026022 0.012552684625252 0.0162177020340847 0.0195162177020341 0.0257467472970497 0.031610775151182 0.0389408099688473 0.0430639545537841 0.0467289719626168 0.0459043430456295 0.0465457210921752 0.045629466739967 0.0420560747663551 0.0362836723474437 0.0289536375297783 0.0243723657687374 0.01905809052593 0.0133773135422393 0.00824628916987356 0.00430639545537841 0.00284038849184534 0.00192413413963716 0.00155763239875389 0.00119113065787062 0.000549752611324904 0.000733003481766538 0.00329851566794942 0.00659703133589885 0.00760491112332784 0.0108118013560564 0.0148433205057724 0.0205240974894631 0.0264797507788162 0.0318856514568444 0.0369250503939894 0.0423309510720176 0.0448048378229797 0.0430639545537841 0.0385743082279641 0.0323437786329485 0.023089609675646 0.0142935678944475 0.0074216602528862 0.00311526479750779 0.00183250870441635 0.00100787978742899 0.000824628916987356 9.16254352208173e-05 0.000366501740883269 9.16254352208173e-05 0.000183250870441635 0 0 0
0 0.000348159108712682 0.00156671598920707 0.0023500739838106 0.00504830707633388 0.00826877883192619 0.0126207676908347 0.0162764383323179 0.0170597963269214 0.0212377056314736 0.0258508138219166 0.0300287231264688 0.0362955870832971 0.0409086952737401 0.0450866045782923 0.0449995648011141 0.045957002350074 0.0443032465836887 0.0403864566106711 0.0365567064148316 0.0305509617895378 0.0233266602837497 0.0192357907563757 0.0137522847941509 0.0103577334842023 0.00748542083732266 0.00391678997301767 0.00226303420663243 0.00121855688049439 0.00182783532074158 0.000261119331534511 0.000435198885890852 0.00226303420663243 0.00409086952737401 0.00687614239707546 0.0124466881364784 0.0141874836800418 0.0187135520933066 0.0242840978327095 0.030115762903647 0.0360344677517626 0.0396030986160675 0.0436939681434416 0.0438680476977979 0.0401253372791366 0.035251109757159 0.026547132039342 0.0165375576638524 0.00974845504395509 0.00304639220123596 0.0014796762120289 0.000957437548959875 8.70397771781704e-05 0.000261119331534511 0 0 0 0 0 0
8.26787928896238e-05 0.000744109136006614 0.00223232740801984 0.00677966101694915 0.0110789582472096 0.0157089706490285 0.0182720132286069 0.0214138073584126 0.0240595287308805 0.0240595287308805 0.0260438197602315 0.0297643654402646 0.0339809838776354 0.0372881355932203 0.0390243902439024 0.040429929723026 0.0387763538652336 0.040429929723026 0.0369574204216618 0.0310045473336089 0.0254650682100041 0.0219098801157503 0.0185200496072757 0.0135593220338983 0.0102521703183134 0.00644894584539066 0.00454733360892931 0.00305911533691608 0.0020669698222406 0.00239768499379909 8.26787928896238e-05 0.000744109136006614 0.00388590326581232 0.00983877635386523 0.0135593220338983 0.0166184373708144 0.020008267879289 0.0238941711451013 0.0261264985531211 0.0318313352625052 0.036047953699876 0.0376188507647788 0.0393551054154609 0.0388590326581232 0.0363786688714345 0.0315006200909467 0.0211657709797437 0.0135593220338983 0.00752377015295577 0.00297643654402646 0.00107482430756511 0.000578751550227367 0.000330715171558495 8.26787928896238e-05 0 0 0 0 0 0
0 0.000333444481493831 0.000333444481493831 0.00208402800933645 0.00458486162054018 0.0108369456485495 0.0141713904634878 0.0183394464821607 0.0238412804268089 0.025675225075025 0.0310936978992998 0.0342614204734912 0.0366788929643214 0.0379293097699233 0.0391797265755252 0.0399299766588863 0.0402634211403801 0.039513171057019 0.0353451150383461 0.0334278092697566 0.0297599199733244 0.0225075025008336 0.0189229743247749 0.0137545848616205 0.0106702234078026 0.00716905635211737 0.00466822274091364 0.00416805601867289 0.00250083361120373 0.00450150050016672 0.000166722240746916 8.33611203734578e-05 0.00108369456485495 0.00433477825941981 0.00775258419473158 0.0111703901300433 0.0156718906302101 0.0193397799266422 0.0266755585195065 0.0309269756585529 0.035511837279093 0.0392630876958986 0.0425975325108369 0.0417639213071024 0.0401800600200067 0.0329276425475158 0.0262587529176392 0.0188396132044015 0.0106702234078026 0.0047515838612871 0.00241747249083028 0.00075025008336112 0.000166722240746916 0.000250083361120373 0 0 0 0 0 0
#: #!
