# Number of years age comps: nyrs_srv1age
27
# Fishery age comps years
1996 1997 1998 1999 2000 2001 2002 2003 2004 2005 2006 2007 2008 2009 2010 2011 2012 2013 2014 2015 2016 2017 2018 2019 2020 2021 2022
# Number of samples: nsamples_srv1_age(1,nyrs_srv1age)
8 8 9 9 9 9 9 8 9 9 9 8 9 9 8 9 9 9 8 8 8 9 8 8 8 9 8
# Observed survey age compositions (proportions at age): oac_srv(1,nyrs_srv1age,1,nages*2)
0.00392927308447937 0.00294695481335953 0.0412573673870334 0.0618860510805501 0.0756385068762279 0.050098231827112 0.0589390962671906 0.0432220039292731 0.0343811394891945 0.0255402750491159 0.0284872298624754 0.0157170923379175 0.0157170923379175 0.0176817288801572 0.0196463654223969 0.0108055009823183 0.00392927308447937 0.00294695481335953 0.00294695481335953 0.00294695481335953 0.00392927308447937 0.000982318271119843 0.00196463654223969 0.00196463654223969 0.000982318271119843 0.00392927308447937 0.00196463654223969 0.00196463654223969 0.00294695481335953 0.0196463654223969 0.000982318271119843 0.00589390962671906 0.0284872298624754 0.0451866404715128 0.0432220039292731 0.0363457760314342 0.0324165029469548 0.0284872298624754 0.0255402750491159 0.0304518664047151 0.0225933202357564 0.0137524557956778 0.0245579567779961 0.0166994106090373 0.00982318271119843 0.00196463654223969 0.00884086444007859 0.00392927308447937 0.0137524557956778 0.00294695481335953 0.000982318271119843 0.00589390962671906 0.00294695481335953 0.00196463654223969 0.00491159135559921 0.00294695481335953 0.00392927308447937 0.00196463654223969 0.00294695481335953 0.0166994106090373
0.0104257167680278 0.0260642919200695 0.0269331016507385 0.0642919200695048 0.0747176368375326 0.0773240660295395 0.0443092962641182 0.0373588184187663 0.0251954821894005 0.0208514335360556 0.0243266724587315 0.0139009556907037 0.0121633362293658 0.00955690703735882 0.0130321459600348 0.00868809730668984 0.00608166811468288 0.00173761946133797 0.00347523892267593 0 0.000868809730668983 0.00173761946133797 0.00173761946133797 0.00173761946133797 0.00260642919200695 0 0.000868809730668983 0.000868809730668983 0.00347523892267593 0.0112945264986968 0.00608166811468288 0.0165073848827107 0.0173761946133797 0.0356211989574283 0.0495221546481321 0.0573414422241529 0.0373588184187663 0.0278019113814075 0.0269331016507385 0.0182450043440487 0.0225890529973936 0.0191138140747176 0.0234578627280626 0.0191138140747176 0.0121633362293658 0.0130321459600348 0.0052128583840139 0.00695047784535187 0.00868809730668984 0.00347523892267593 0.000868809730668983 0.00608166811468288 0.00347523892267593 0.00173761946133797 0.00260642919200695 0.00347523892267593 0.00260642919200695 0.00260642919200695 0.00173761946133797 0.0225890529973936
0.00298210735586481 0.0417495029821074 0.0675944333996024 0.0646123260437376 0.0755467196819085 0.0606361829025845 0.0596421471172962 0.025844930417495 0.021868787276342 0.0119284294234592 0.0188866799204771 0.0159045725646123 0.0149105367793241 0.0178926441351889 0.0139165009940358 0.00894632206759443 0.00695825049701789 0.00298210735586481 0.00397614314115308 0.00298210735586481 0.00497017892644135 0.00298210735586481 0.00298210735586481 0 0.00099403578528827 0.00198807157057654 0 0 0.00099403578528827 0.010934393638171 0.00298210735586481 0.0188866799204771 0.0278330019880716 0.0357852882703777 0.0417495029821074 0.0377733598409543 0.0407554671968191 0.0228628230616302 0.036779324055666 0.0178926441351889 0.0208747514910537 0.0139165009940358 0.0149105367793241 0.010934393638171 0.0119284294234592 0.00596421471172962 0.0119284294234592 0.00596421471172962 0.00596421471172962 0.00397614314115308 0.00397614314115308 0.00497017892644135 0.00198807157057654 0.00397614314115308 0.00397614314115308 0.00397614314115308 0.00198807157057654 0 0.00099403578528827 0.0188866799204771
0.0221327967806841 0.0472837022132797 0.0885311871227364 0.0754527162977867 0.0261569416498994 0.0472837022132797 0.0311871227364185 0.0261569416498994 0.0291750503018109 0.0181086519114688 0.0130784708249497 0.0140845070422535 0.0160965794768612 0.0140845070422535 0.0120724346076459 0.00603621730382294 0.00905432595573441 0.00100603621730382 0.00402414486921529 0.00100603621730382 0.00301810865191147 0.00402414486921529 0.00301810865191147 0 0.00100603621730382 0 0.00201207243460765 0.00100603621730382 0.00201207243460765 0.0100603621730382 0.0261569416498994 0.0311871227364185 0.0352112676056338 0.0402414486921529 0.0331991951710262 0.0321931589537223 0.0331991951710262 0.028169014084507 0.0221327967806841 0.0191146881287726 0.0160965794768612 0.0181086519114688 0.0140845070422535 0.0120724346076459 0.0150905432595573 0.0191146881287726 0.00704225352112676 0.0110663983903421 0.00301810865191147 0.00503018108651911 0.00804828973843058 0.00301810865191147 0.00301810865191147 0.00402414486921529 0.00402414486921529 0.00100603621730382 0.00402414486921529 0.00100603621730382 0.00201207243460765 0.0201207243460765
0.00462107208872458 0.0499075785582255 0.0656192236598891 0.11275415896488 0.0508317929759704 0.0378927911275416 0.0314232902033272 0.0268022181146026 0.0212569316081331 0.0166358595194085 0.0175600739371534 0.0194085027726433 0.011090573012939 0.0147874306839187 0.0166358595194085 0.011090573012939 0.0101663585951941 0.00646950092421442 0.00739371534195933 0.0055452865064695 0.00184842883548983 0.00646950092421442 0.000924214417744917 0.00184842883548983 0.00184842883548983 0.00184842883548983 0 0.00369685767097967 0.000924214417744917 0.0120147874306839 0.00369685767097967 0.0138632162661738 0.0286506469500924 0.0536044362292052 0.044362292051756 0.0203327171903882 0.0147874306839187 0.0286506469500924 0.0240295748613678 0.0240295748613678 0.0212569316081331 0.0147874306839187 0.0138632162661738 0.011090573012939 0.00924214417744917 0.0147874306839187 0.0120147874306839 0.00831792975970425 0.00924214417744917 0.00277264325323475 0.00184842883548983 0.00831792975970425 0.00831792975970425 0.00369685767097967 0.00277264325323475 0.00462107208872458 0.00462107208872458 0.000924214417744917 0 0.022181146025878
0.000929368029739777 0.0241635687732342 0.134758364312268 0.0892193308550186 0.0669144981412639 0.0473977695167286 0.0185873605947955 0.0278810408921933 0.0204460966542751 0.0130111524163569 0.00464684014869888 0.00929368029739777 0.00557620817843866 0.0148698884758364 0.00743494423791822 0.00464684014869888 0.00650557620817844 0.00464684014869888 0.00464684014869888 0.000929368029739777 0.00464684014869888 0.00464684014869888 0.000929368029739777 0.00185873605947955 0.000929368029739777 0.00278810408921933 0.00185873605947955 0.000929368029739777 0.00185873605947955 0.0139405204460967 0.00185873605947955 0.0120817843866171 0.0910780669144981 0.0539033457249071 0.0473977695167286 0.0232342007434944 0.0297397769516729 0.0213754646840149 0.0148698884758364 0.0213754646840149 0.0120817843866171 0.0111524163568773 0.00650557620817844 0.0111524163568773 0.00929368029739777 0.00929368029739777 0.00650557620817844 0.00557620817843866 0.00650557620817844 0.00371747211895911 0.00185873605947955 0.00464684014869888 0.00929368029739777 0.00371747211895911 0.00185873605947955 0.00371747211895911 0.00557620817843866 0.00371747211895911 0.00371747211895911 0.0223048327137546
0.003 0.011 0.046 0.089 0.092 0.066 0.043 0.022 0.007 0.012 0.015 0.005 0.011 0.013 0.012 0.008 0.007 0.009 0.007 0.006 0.003 0.003 0.004 0.008 0.002 0.004 0.007 0.003 0.002 0.026 0 0.019 0.039 0.085 0.069 0.036 0.019 0.019 0.017 0.016 0.008 0.013 0.011 0.007 0.006 0.007 0.006 0.003 0.007 0.004 0.007 0.006 0.004 0.004 0.005 0.002 0.002 0.005 0.001 0.027
0 0.0244755244755245 0.0326340326340326 0.0932400932400932 0.13986013986014 0.0745920745920746 0.048951048951049 0.0268065268065268 0.0151515151515152 0.013986013986014 0.00932400932400932 0.00466200466200466 0.0104895104895105 0.00932400932400932 0.00699300699300699 0.00582750582750583 0.00582750582750583 0.00116550116550117 0.00699300699300699 0.00466200466200466 0 0.0034965034965035 0.00233100233100233 0.00466200466200466 0.00233100233100233 0.0034965034965035 0.00233100233100233 0.00116550116550117 0 0.0116550116550117 0.00233100233100233 0.0198135198135198 0.0174825174825175 0.0710955710955711 0.0792540792540792 0.0442890442890443 0.0407925407925408 0.013986013986014 0.0116550116550117 0.0104895104895105 0.00815850815850816 0.00699300699300699 0.0128205128205128 0.00699300699300699 0.0128205128205128 0.00932400932400932 0.00582750582750583 0.0128205128205128 0.00582750582750583 0.00582750582750583 0.00233100233100233 0.00116550116550117 0.00233100233100233 0 0.00233100233100233 0.00466200466200466 0.00466200466200466 0.00116550116550117 0.00116550116550117 0.0151515151515152
0.00198609731876862 0.0198609731876862 0.109235352532274 0.0983118172790467 0.0933465739821251 0.0714995034756703 0.0436941410129096 0.0268123138033764 0.0168818272095333 0.0099304865938431 0.00794438927507448 0.00595829195630586 0.00496524329692155 0.00397219463753724 0.00695134061569017 0.00397219463753724 0.00297914597815293 0.00099304865938431 0.00496524329692155 0.00695134061569017 0 0.00198609731876862 0.00297914597815293 0.00198609731876862 0.00099304865938431 0.00099304865938431 0.00198609731876862 0.00099304865938431 0 0.00893743793445879 0 0.0148957298907646 0.0734856007944389 0.0804369414101291 0.0685203574975174 0.0377358490566038 0.0268123138033764 0.012909632571996 0.0168818272095333 0.0109235352532274 0.0119165839126117 0.00893743793445879 0.00794438927507448 0.00595829195630586 0.00198609731876862 0.00496524329692155 0.00496524329692155 0.00397219463753724 0.00794438927507448 0.00198609731876862 0.00595829195630586 0.00397219463753724 0.00297914597815293 0.00297914597815293 0.00397219463753724 0.00099304865938431 0.00297914597815293 0.00099304865938431 0 0.0099304865938431
0.00304259634888438 0.00304259634888438 0.0689655172413793 0.125760649087221 0.0821501014198783 0.0831643002028398 0.050709939148073 0.0273833671399594 0.024340770791075 0.00912778904665314 0.0111561866125761 0.00811359026369168 0.00709939148073022 0.00405679513184584 0.00811359026369168 0.00304259634888438 0.00405679513184584 0.00101419878296146 0.00304259634888438 0.00608519269776876 0.00405679513184584 0.00202839756592292 0.00101419878296146 0.00202839756592292 0.00202839756592292 0 0.00101419878296146 0 0.00101419878296146 0.0050709939148073 0.00202839756592292 0.00709939148073022 0.0679513184584179 0.0973630831643002 0.0801217038539554 0.0537525354969574 0.0294117647058824 0.0192697768762677 0.0192697768762677 0.00608519269776876 0.00709939148073022 0.00608519269776876 0.00608519269776876 0.00405679513184584 0.00304259634888438 0.0050709939148073 0.00202839756592292 0.0050709939148073 0.00405679513184584 0.00304259634888438 0.00304259634888438 0.00304259634888438 0.00202839756592292 0 0.00202839756592292 0 0.00202839756592292 0 0.00202839756592292 0.00608519269776876
0.00495049504950495 0.0108910891089109 0.0227722772277228 0.0633663366336634 0.099009900990099 0.0841584158415842 0.0752475247524752 0.0425742574257426 0.0247524752475248 0.0188118811881188 0.0118811881188119 0.00792079207920792 0.00396039603960396 0.00792079207920792 0.00693069306930693 0.00495049504950495 0.00396039603960396 0.00396039603960396 0.00396039603960396 0.00594059405940594 0.00495049504950495 0 0.00198019801980198 0.00099009900990099 0 0.00099009900990099 0.00198019801980198 0.00198019801980198 0.00297029702970297 0.0118811881188119 0.00495049504950495 0.00891089108910891 0.0297029702970297 0.0732673267326733 0.098019801980198 0.0594059405940594 0.0346534653465347 0.0227722772277228 0.0108910891089109 0.0118811881188119 0.00693069306930693 0.00594059405940594 0.0099009900990099 0.00891089108910891 0.00891089108910891 0.00792079207920792 0.00594059405940594 0.00297029702970297 0.00594059405940594 0.0108910891089109 0.00792079207920792 0.00198019801980198 0.00297029702970297 0.00297029702970297 0.00099009900990099 0.00099009900990099 0.00297029702970297 0.00198019801980198 0.00297029702970297 0.0099009900990099
0.00401203610832497 0.0140421263791374 0.0341023069207623 0.0561685055165497 0.0762286860581745 0.0972918756268806 0.0732196589769308 0.0491474423269809 0.0391173520561685 0.0210631895687061 0.0100300902708124 0.00702106318956871 0.00601805416248746 0.00300902708124373 0.00300902708124373 0.00501504513540622 0 0.00902708124373119 0.00300902708124373 0.00100300902708124 0.00300902708124373 0.00300902708124373 0.00300902708124373 0 0.00300902708124373 0.00401203610832497 0 0 0 0.00702106318956871 0.00802407221664995 0.0110330992978937 0.033099297893681 0.0471414242728185 0.0611835506519559 0.0672016048144433 0.0631895687061184 0.0320962888665998 0.0280842527582748 0.00802407221664995 0.00702106318956871 0.00802407221664995 0.0130391173520562 0.00401203610832497 0.00601805416248746 0.00401203610832497 0.00601805416248746 0.00300902708124373 0.00501504513540622 0.00401203610832497 0.00501504513540622 0.00501504513540622 0.00401203610832497 0.00300902708124373 0.00401203610832497 0.00300902708124373 0.00300902708124373 0.00200601805416249 0.00100300902708124 0.0160481444332999
0.000959692898272553 0.0143953934740883 0.0316698656429942 0.0441458733205374 0.0604606525911708 0.0662188099808061 0.081573896353167 0.064299424184261 0.0393474088291747 0.0307101727447217 0.0201535508637236 0.00959692898272553 0.00575815738963532 0.00479846449136276 0.00479846449136276 0.00287907869481766 0.00575815738963532 0.00287907869481766 0.00383877159309021 0.000959692898272553 0.000959692898272553 0.00479846449136276 0.000959692898272553 0 0.000959692898272553 0.000959692898272553 0 0.000959692898272553 0.00191938579654511 0.00959692898272553 0.00479846449136276 0.0105566218809981 0.0307101727447217 0.0422264875239923 0.0518234165067179 0.0508637236084453 0.0556621880998081 0.0393474088291747 0.0412667946257198 0.0239923224568138 0.00863723608445298 0.0124760076775432 0.0105566218809981 0.00671785028790787 0.00671785028790787 0.00575815738963532 0.00959692898272553 0.00575815738963532 0.00575815738963532 0.00575815738963532 0.00671785028790787 0.00575815738963532 0.00287907869481766 0.00383877159309021 0.00479846449136276 0.00383877159309021 0.00191938579654511 0.00191938579654511 0.00191938579654511 0.0211132437619962
0.00200601805416249 0.00802407221664995 0.0240722166499498 0.0280842527582748 0.0501504513540622 0.0521564694082247 0.0722166499498496 0.0672016048144433 0.0491474423269809 0.0320962888665998 0.0190571715145436 0.0200601805416249 0.0140421263791374 0.00802407221664995 0.0100300902708124 0.0100300902708124 0.00300902708124373 0.00401203610832497 0.00501504513540622 0.00401203610832497 0.00401203610832497 0.00300902708124373 0.00200601805416249 0.00100300902708124 0.00300902708124373 0.00200601805416249 0.00300902708124373 0.00300902708124373 0.00300902708124373 0.0110330992978937 0.00401203610832497 0.0100300902708124 0.0290872617853561 0.0240722166499498 0.0501504513540622 0.0441323971915747 0.0501504513540622 0.0461384152457372 0.0491474423269809 0.0190571715145436 0.0180541624874624 0.0140421263791374 0.00601805416248746 0.0100300902708124 0.00601805416248746 0.00902708124373119 0.00702106318956871 0.00401203610832497 0.00501504513540622 0.00401203610832497 0.00601805416248746 0.00501504513540622 0.00802407221664995 0.00501504513540622 0.00300902708124373 0.00501504513540622 0.00401203610832497 0.00200601805416249 0.00300902708124373 0.0320962888665998
0.0143003064351379 0.0183861082737487 0.0255362614913177 0.0490296220633299 0.041879468845761 0.0286006128702758 0.0439223697650664 0.0490296220633299 0.0449438202247191 0.0561797752808989 0.0286006128702758 0.0224719101123595 0.0214504596527068 0.0122574055158325 0.00817160367722165 0.00510725229826353 0.00306435137895812 0.00102145045965271 0.00817160367722165 0.00510725229826353 0.00510725229826353 0.00612870275791624 0.00408580183861083 0.00306435137895812 0.00204290091930541 0.00204290091930541 0.00102145045965271 0.00204290091930541 0.00204290091930541 0.0224719101123595 0.0183861082737487 0.0112359550561798 0.0143003064351379 0.0316649642492339 0.0367722165474974 0.0306435137895812 0.0449438202247191 0.041879468845761 0.0367722165474974 0.0286006128702758 0.0265577119509704 0.0183861082737487 0.0143003064351379 0.0112359550561798 0.00510725229826353 0.00612870275791624 0.00817160367722165 0.00919305413687436 0.00408580183861083 0.00408580183861083 0.00204290091930541 0.00817160367722165 0.00204290091930541 0.00817160367722165 0.00306435137895812 0.00306435137895812 0.00408580183861083 0.00306435137895812 0 0.0265577119509704
0.0142711518858308 0.0295616717635066 0.0336391437308868 0.0570846075433231 0.055045871559633 0.0468909276248726 0.0295616717635066 0.0316004077471967 0.036697247706422 0.0285423037716616 0.0244648318042813 0.0193679918450561 0.018348623853211 0.0112130479102956 0.0112130479102956 0.00509683995922528 0.00305810397553517 0.00203873598369011 0.00611620795107034 0.00509683995922528 0 0.00101936799184506 0.00305810397553517 0.00203873598369011 0 0.00509683995922528 0.00101936799184506 0 0.00203873598369011 0.0122324159021407 0.00611620795107034 0.0285423037716616 0.0254841997961264 0.0489296636085627 0.0428134556574924 0.0316004077471967 0.0346585117227319 0.0295616717635066 0.0397553516819572 0.0305810397553517 0.0234454638124363 0.0254841997961264 0.0122324159021407 0.0152905198776758 0.00815494393476045 0.0122324159021407 0.0101936799184506 0.00815494393476045 0.00815494393476045 0.00305810397553517 0.00203873598369011 0.00305810397553517 0.00815494393476045 0.00407747196738022 0 0.00203873598369011 0.00407747196738022 0.00305810397553517 0.00305810397553517 0.0305810397553517
0.00103305785123967 0.0175619834710744 0.0650826446280992 0.0960743801652893 0.0743801652892562 0.0454545454545455 0.0196280991735537 0.0268595041322314 0.0196280991735537 0.0299586776859504 0.0103305785123967 0.0227272727272727 0.0144628099173554 0.015495867768595 0.012396694214876 0.012396694214876 0.00206611570247934 0.00619834710743802 0.00516528925619835 0.00516528925619835 0.00723140495867769 0.00413223140495868 0.00309917355371901 0.00103305785123967 0.00309917355371901 0.00103305785123967 0.00206611570247934 0.00103305785123967 0 0.018595041322314 0.00103305785123967 0.015495867768595 0.0402892561983471 0.0599173553719008 0.0557851239669422 0.0278925619834711 0.0330578512396694 0.018595041322314 0.0175619834710744 0.0227272727272727 0.015495867768595 0.0216942148760331 0.0175619834710744 0.0144628099173554 0.0103305785123967 0.00826446280991736 0.00516528925619835 0.00826446280991736 0.00826446280991736 0.00103305785123967 0.00619834710743802 0.00516528925619835 0.00413223140495868 0.00516528925619835 0.00413223140495868 0.00723140495867769 0.00309917355371901 0.00206611570247934 0.00206611570247934 0.0144628099173554
0 0.0133060388945752 0.0317297850562948 0.0552712384851586 0.0644831115660184 0.0655066530194473 0.0511770726714432 0.0276356192425793 0.0276356192425793 0.0163766632548618 0.0204708290685773 0.0122824974411464 0.0174002047082907 0.0184237461617195 0.0143295803480041 0.0133060388945752 0.00921187308085977 0.00511770726714432 0.00409416581371546 0.00204708290685773 0.00614124872057318 0.00204708290685773 0.00409416581371546 0.00409416581371546 0.00204708290685773 0.00102354145342886 0.00204708290685773 0.00102354145342886 0.00204708290685773 0.0102354145342886 0.00102354145342886 0.00921187308085977 0.0245649948822927 0.0429887410440123 0.0511770726714432 0.0440122824974411 0.0481064483111566 0.0276356192425793 0.0204708290685773 0.0307062436028659 0.0245649948822927 0.0214943705220061 0.0204708290685773 0.0184237461617195 0.0133060388945752 0.0102354145342886 0.0163766632548618 0.00307062436028659 0.00614124872057318 0.00307062436028659 0.00409416581371546 0.00511770726714432 0.00307062436028659 0.00818833162743091 0.00409416581371546 0.00204708290685773 0.00102354145342886 0.00102354145342886 0.00204708290685773 0.0276356192425793
0.00100401606425703 0.00602409638554217 0.034136546184739 0.0522088353413655 0.0893574297188755 0.070281124497992 0.0411646586345382 0.0331325301204819 0.0271084337349398 0.0180722891566265 0.0150602409638554 0.0140562248995984 0.0150602409638554 0.0160642570281124 0.0100401606425703 0.00602409638554217 0.00903614457831325 0.00301204819277108 0.00502008032128514 0.00301204819277108 0.00200803212851406 0.00200803212851406 0.00100401606425703 0.00602409638554217 0 0.00100401606425703 0.00301204819277108 0.00301204819277108 0 0.0070281124497992 0.00100401606425703 0.0070281124497992 0.0311244979919679 0.0431726907630522 0.0913654618473896 0.0642570281124498 0.0331325301204819 0.035140562248996 0.0160642570281124 0.00803212851405622 0.0200803212851406 0.0210843373493976 0.0110441767068273 0.0210843373493976 0.0140562248995984 0.00903614457831325 0.0110441767068273 0.0100401606425703 0.00401606425702811 0.00301204819277108 0.00401606425702811 0.00502008032128514 0.00803212851405622 0.00200803212851406 0.00200803212851406 0.00502008032128514 0.00200803212851406 0.00100401606425703 0.00301204819277108 0.0190763052208835
0.0179533213644524 0.0269299820466786 0.0161579892280072 0.0834829443447038 0.0754039497307002 0.101436265709156 0.0502692998204668 0.0323159784560144 0.0305206463195691 0.0224416517055655 0.0179533213644524 0.0134649910233393 0.0152603231597846 0.0152603231597846 0.0143626570915619 0.00718132854578097 0.0125673249551167 0.00359066427289048 0.00897666068222621 0.00359066427289048 0.00359066427289048 0.00448833034111311 0.00269299820466786 0.00269299820466786 0 0.000897666068222621 0 0.00179533213644524 0 0.0161579892280072 0.00807899461400359 0.0179533213644524 0.0179533213644524 0.0233393177737881 0.0448833034111311 0.0457809694793537 0.0305206463195691 0.026032315978456 0.0152603231597846 0.0206463195691203 0.0161579892280072 0.0152603231597846 0.0116696588868941 0.0116696588868941 0.0107719928186715 0.00538599640933573 0.00807899461400359 0.00448833034111311 0.00269299820466786 0.00269299820466786 0.00538599640933573 0.00718132854578097 0.00538599640933573 0.00448833034111311 0.000897666068222621 0.000897666068222621 0.00269299820466786 0.000897666068222621 0.00269299820466786 0.0287253141831239
0.0914913083257091 0.0649588289112534 0.0320219579139982 0.0320219579139982 0.0411710887465691 0.0640439158279963 0.0667886550777676 0.0457456541628545 0.0274473924977127 0.020128087831656 0.0109789569990851 0.0128087831655993 0.00914913083257091 0.00548947849954254 0.00457456541628545 0.00731930466605672 0.00457456541628545 0.000914913083257091 0.00457456541628545 0.00274473924977127 0.00365965233302836 0.000914913083257091 0 0 0.00182982616651418 0.00274473924977127 0 0 0.000914913083257091 0.00640439158279963 0.0594693504117109 0.0448307410795974 0.0210430009149131 0.0210430009149131 0.0329368709972553 0.0439158279963403 0.0521500457456542 0.0320219579139982 0.0173833485818847 0.010064043915828 0.0173833485818847 0.00914913083257091 0.00823421774931381 0.00640439158279963 0.0118938700823422 0.00731930466605672 0.00457456541628545 0.00548947849954254 0.00548947849954254 0.00274473924977127 0.00274473924977127 0.00365965233302836 0 0.00274473924977127 0.00365965233302836 0 0 0 0 0.00823421774931381
0.0238777459407832 0.186246418338109 0.0907354345749761 0.0458452722063037 0.0343839541547278 0.0229226361031519 0.0210124164278892 0.0181470869149952 0.0114613180515759 0.0114613180515759 0.00859598853868195 0.00668576886341929 0.00573065902578797 0.0133715377268386 0.00764087870105062 0.00573065902578797 0.00477554918815664 0.00286532951289398 0.00286532951289398 0.00286532951289398 0.00191021967526266 0 0.000955109837631328 0.000955109837631328 0 0.000955109837631328 0 0 0 0.00668576886341929 0.0238777459407832 0.131805157593123 0.063992359121299 0.0324737344794651 0.0296084049665712 0.0229226361031519 0.0219675262655205 0.0105062082139446 0.0200573065902579 0.0200573065902579 0.00573065902578797 0.0105062082139446 0.00477554918815664 0.0124164278892073 0.00668576886341929 0.00573065902578797 0.00477554918815664 0.00382043935052531 0.00382043935052531 0 0.00286532951289398 0.00286532951289398 0.00286532951289398 0.00382043935052531 0 0.00286532951289398 0 0.00191021967526266 0.000955109837631328 0.00764087870105062
0.0296084049665712 0.121298949379179 0.195797516714422 0.0649474689589303 0.0506208213944604 0.0248328557784145 0.0181470869149952 0.0219675262655205 0.0124164278892073 0.00859598853868195 0.00286532951289398 0.00286532951289398 0.00286532951289398 0.00382043935052531 0.00764087870105062 0.00191021967526266 0.000955109837631328 0.00286532951289398 0.00382043935052531 0.000955109837631328 0 0 0 0.000955109837631328 0.000955109837631328 0 0.000955109837631328 0 0 0.00382043935052531 0.0286532951289398 0.0897803247373448 0.120343839541547 0.0448901623686724 0.0200573065902579 0.0171919770773639 0.0133715377268386 0.0152817574021012 0.00859598853868195 0.00382043935052531 0.00477554918815664 0.00286532951289398 0.00286532951289398 0.00477554918815664 0.00286532951289398 0.00382043935052531 0.00477554918815664 0.00573065902578797 0 0.000955109837631328 0.00573065902578797 0.000955109837631328 0.00191021967526266 0.000955109837631328 0.000955109837631328 0.000955109837631328 0 0 0.000955109837631328 0.00668576886341929
0 0.173114119922631 0.126692456479691 0.127659574468085 0.0483558994197292 0.0193423597678917 0.0106382978723404 0.00967117988394584 0.00676982591876209 0.0058027079303675 0.00290135396518375 0.00676982591876209 0.000967117988394584 0.00386847195357834 0.00193423597678917 0.00290135396518375 0.000967117988394584 0.000967117988394584 0.00290135396518375 0 0 0 0 0 0 0 0 0.000967117988394584 0 0.00290135396518375 0.000967117988394584 0.144100580270793 0.10541586073501 0.0899419729206963 0.0270793036750484 0.0135396518375242 0.00676982591876209 0.011605415860735 0.00773694390715667 0.00676982591876209 0.00290135396518375 0.00290135396518375 0.00193423597678917 0.000967117988394584 0 0.00193423597678917 0.00483558994197292 0 0 0.00193423597678917 0 0.00290135396518375 0 0 0 0 0 0 0.000967117988394584 0.00870406189555126
0 0.0792563600782779 0.224070450097847 0.102739726027397 0.0812133072407045 0.0215264187866928 0.0107632093933464 0.00195694716242661 0.00587084148727984 0.0107632093933464 0.00293542074363992 0.00195694716242661 0.00293542074363992 0.00391389432485323 0 0.00391389432485323 0.00195694716242661 0.00293542074363992 0.00195694716242661 0.000978473581213307 0.00195694716242661 0.00195694716242661 0.000978473581213307 0.00195694716242661 0.000978473581213307 0.000978473581213307 0 0.000978473581213307 0 0.00293542074363992 0.00293542074363992 0.0743639921722113 0.147749510763209 0.073385518590998 0.0352250489236791 0.0156555772994129 0.0107632093933464 0.00880626223091976 0.00587084148727984 0.00587084148727984 0.00293542074363992 0.00293542074363992 0.00195694716242661 0.00587084148727984 0.00391389432485323 0.00391389432485323 0.000978473581213307 0 0.00195694716242661 0.00391389432485323 0.000978473581213307 0 0.00195694716242661 0.00195694716242661 0 0 0.00195694716242661 0.000978473581213307 0.000978473581213307 0.00782778864970646
0.000984251968503937 0.0167322834645669 0.126968503937008 0.192913385826772 0.107283464566929 0.0482283464566929 0.0226377952755906 0.00885826771653543 0.0078740157480315 0.00984251968503937 0.00590551181102362 0.00393700787401575 0.00196850393700787 0.00295275590551181 0.00196850393700787 0.00393700787401575 0.000984251968503937 0 0 0.000984251968503937 0 0.000984251968503937 0 0 0.000984251968503937 0 0 0.000984251968503937 0.00196850393700787 0 0.000984251968503937 0.0295275590551181 0.104330708661417 0.112204724409449 0.0767716535433071 0.0433070866141732 0.0177165354330709 0.00885826771653543 0.00196850393700787 0.00295275590551181 0.000984251968503937 0.00393700787401575 0.00196850393700787 0.00196850393700787 0.00393700787401575 0.00196850393700787 0.00196850393700787 0.00295275590551181 0.00196850393700787 0.00295275590551181 0.000984251968503937 0 0.000984251968503937 0 0.000984251968503937 0.000984251968503937 0 0 0.000984251968503937 0.00196850393700787
0.00191204588910134 0.0277246653919694 0.0497131931166348 0.0956022944550669 0.146271510516252 0.104206500956023 0.0564053537284895 0.0210325047801147 0.011472275334608 0.00956022944550669 0.00286806883365201 0 0.00191204588910134 0 0.00191204588910134 0.000956022944550669 0.000956022944550669 0.000956022944550669 0.000956022944550669 0 0.000956022944550669 0 0 0 0 0 0 0.000956022944550669 0.000956022944550669 0 0.00191204588910134 0.017208413001912 0.0621414913957935 0.0898661567877629 0.112810707456979 0.0783938814531549 0.0439770554493308 0.0219885277246654 0.00956022944550669 0.00478011472275335 0.000956022944550669 0.00573613766730402 0.00286806883365201 0.00286806883365201 0.000956022944550669 0 0 0 0.00191204588910134 0 0.00191204588910134 0 0.000956022944550669 0 0 0.000956022944550669 0 0 0 0.000956022944550669
#: #!
