# Number of years length comps: nyrs_srv1lens
34
# Survey length comps years
1990 1991 1992 1993 1994 1995 1996 1997 1998 1999 2000 2001 2002 2003 2004 2005 2006 2007 2008 2009 2010 2011 2012 2013 2014 2015 2016 2017 2018 2019 2020 2021 2022 2023
# Number of samples: nsamples_srv1_age(1,nyrs_srv1lens)
11 11 11 11 11 8 9 9 9 9 9 9 9 9 9 9 9 9 9 9 9 9 9 9 9 9 9 9 9 9 8 9 9 9
# Observed survey length compositions (proportions at age): osc_srv(1,nyrs_srv1lens,1,nlens*2)
4.11353352529823e-05 0.000699300699300699 0.00234471410941999 0.00538872891814068 0.0085972850678733 0.0113122171945701 0.0143562320032908 0.0156314273961333 0.0180995475113122 0.0219251336898396 0.0274784039489922 0.0338955162484574 0.0390374331550802 0.0421225832990539 0.0438502673796791 0.0427807486631016 0.0421637186343069 0.039613327848622 0.0363636363636364 0.0324146441793501 0.0274784039489922 0.0228712464006582 0.0177704648292884 0.0129576306046894 0.00835047305635541 0.00440148087206911 0.00230357877416701 0.0011517893870835 0.00106951871657754 0.00135746606334842 0.000164541341011929 0.00176881941587824 0.00460715754833402 0.00855614973262032 0.0121349238996298 0.0152200740436035 0.0176881941587824 0.0217194570135747 0.0280954339777869 0.0345536816125051 0.0400246812011518 0.0428218839983546 0.0420814479638009 0.0403537638831756 0.0357466063348416 0.030152200740436 0.0211846976552859 0.0128753599341835 0.00608802961744138 0.00345536816125051 0.00143973673385438 0.000822706705059646 0.000370218017276841 8.22706705059646e-05 0.000123406005758947 0 4.11353352529823e-05 0 0 0
9.10083727702949e-05 0.000455041863851474 0.00168365489625046 0.00468693119767019 0.00769020749908992 0.0100109210047324 0.0135602475427739 0.0151073898798689 0.0168365489625046 0.0201128503822352 0.0256643611212232 0.0312158718602111 0.03704040771751 0.0404077175100109 0.0430469603203495 0.0434109938114307 0.0437750273025118 0.0426374226428831 0.0399071714597743 0.0356752821259556 0.0295777211503458 0.0253913360029123 0.0198398252639243 0.0149708773207135 0.00946487076811067 0.00559701492537313 0.0036403349108118 0.00209319257371678 0.00154714233709501 0.00195668001456134 0.000409537677466327 0.000819075354932654 0.00368583909719694 0.00778121587186021 0.0102384419366582 0.0132417182380779 0.0159264652348016 0.0216599927193302 0.026528940662541 0.0316254095376775 0.0368583909719694 0.0406807426283218 0.0419093556607208 0.0405897342555515 0.0375409537677466 0.0308063341827448 0.0233891518019658 0.0147888605751729 0.00764470331270477 0.00327630141973062 0.00145613396432472 0.000864579541317801 0.000637058609392064 0.00018201674554059 0.000227520931925737 4.55041863851474e-05 9.10083727702949e-05 0 0 0
0.000169283507554277 0.00131194718354564 0.00304710313597698 0.00486690084218545 0.00884506326971095 0.0119344872825765 0.0152778365567735 0.0180286935545305 0.0189174319691904 0.0216682889669474 0.0245037877184815 0.0294976511913327 0.0344491937872953 0.0383427144610436 0.0412205340894663 0.0415167802276863 0.0416860637352406 0.0407973253205806 0.0378771848152694 0.0341952685259639 0.0298362182064412 0.0246307503491472 0.0195945659994075 0.0157010453256591 0.0111727114985823 0.00804096660882814 0.00431672944263405 0.0028778196284227 0.0017774768293199 0.00215836472131703 0.000296246138219984 0.00198908121376275 0.0045283338270769 0.00787168310127386 0.0117228828981336 0.0158280079563249 0.0172245968936476 0.0201870582758475 0.0243768250878158 0.0305133522366583 0.0353379322019552 0.038596639722375 0.0402894747979178 0.0398239451521436 0.0372000507850523 0.0317829785433154 0.0238266536882644 0.015616403571882 0.00888738414659952 0.00330102839730839 0.00152355156798849 0.000719454907105675 0.000126962630665707 0.000169283507554277 0 0 0 0 0 0
0.00012399768537654 0.000702653550467058 0.00289327932545259 0.00876250309994213 0.0135984128296272 0.0184343225593122 0.0200462924692072 0.0214515995701414 0.022980904356452 0.0237662230305034 0.0252955278168141 0.0285608001983963 0.032404728445069 0.0349673472761842 0.0369099776804166 0.0372406381747541 0.0366619823096636 0.0373646358601306 0.0345540216582624 0.0305034306026288 0.0261221790526577 0.0233115648507895 0.0192196412333636 0.0153757129866909 0.0112424568074729 0.00748119368438456 0.0051252376622303 0.00322393981979003 0.00198396296602463 0.00243862114573861 0.000289327932545259 0.00119864429197322 0.00516657022402249 0.0119037777961478 0.0166570224022485 0.0187649830536497 0.0214102670083492 0.0237662230305034 0.0264115069852029 0.0307100934115897 0.0347193519054311 0.0356700008266512 0.0372406381747541 0.0367033148714557 0.0339340332313797 0.0298421096139539 0.0219475903116475 0.0154583781102753 0.00839051004381251 0.00421592130280235 0.00177730015706373 0.000578655865090518 0.000371993056129619 8.26651235843598e-05 4.13325617921799e-05 0 0 0 0 0
8.58848284450552e-05 0.00017176965689011 0.000472366556447804 0.00270537209601924 0.00648430454760167 0.0126250697814231 0.0166187143041182 0.0194958560570275 0.0231889036801649 0.0240477519646154 0.0272254906170825 0.029544380985099 0.0333662558509039 0.0354274917335853 0.0375316700304891 0.0390346545282776 0.0392064241851677 0.0387770000429424 0.0354274917335853 0.0335809679220166 0.0299738051273243 0.024906600249066 0.0211706102117061 0.0165757718898956 0.0123674152960879 0.0094902735431786 0.00674195903293683 0.00502426246403573 0.00283419933868682 0.00532485936359342 0.000128827242667583 0.00017176965689011 0.00128827242667583 0.00541074419203848 0.00991969768540387 0.0139562846223215 0.0175205050027913 0.0203976467557006 0.0257654485335166 0.0299738051273243 0.0343109889637995 0.0377463821016017 0.0395929059131704 0.0390346545282776 0.0371881307167089 0.0315626744535578 0.0262378150899644 0.0184222957014643 0.0112079701120797 0.00558251384892859 0.00334950830935715 0.00115944518400824 0.000429424142225276 0.000214712071112638 0 0 0 0 0 0
0.000420769166035513 0.000420769166035513 0.000841538332071026 0.00201969199697046 0.00597492215770428 0.0096776908188168 0.0154843053101069 0.0183455356391484 0.0215433813010183 0.0230581502987461 0.0257510729613734 0.0299587646217285 0.0321467642851132 0.0348396869477405 0.0359336867794328 0.0370276866111251 0.0357653791130186 0.0361861482790541 0.035260456113776 0.0330724564503913 0.0307161491205924 0.0273499957923083 0.0246570731296811 0.0194395354708407 0.0162416898089708 0.0125389211478583 0.00849953715391736 0.00488092232601195 0.00345030716149121 0.00580661449129008 0 0.000420769166035513 0.00100984599848523 0.00403938399394092 0.00791046032146764 0.013969536312379 0.0175881511402844 0.0208701506353614 0.0271816881258941 0.0317259951190777 0.0342506101152907 0.0367752251115038 0.0375326096103678 0.0374484557771606 0.034418917781705 0.0313052259530422 0.0270133804594799 0.0202810738029117 0.0138012286459648 0.00816292182108895 0.00370276866111251 0.00151476899772785 0.00117815366489944 0.000504922999242616 8.41538332071026e-05 0 0 0 0 0
0 0.000158202816010125 0.000553709856035437 0.00221483942414175 0.00371776617623794 0.00435057744027844 0.00545799715234931 0.00965037177661762 0.0143173548489163 0.0201708590412909 0.0220692928334124 0.0276854928017719 0.0333016927701313 0.0370985603543743 0.0394716025945262 0.0396298054105363 0.0405790223065971 0.0394716025945262 0.0378104730264199 0.0372567631703844 0.0345673152982123 0.0295839265938934 0.0254706533776301 0.022781205505458 0.0179560196171492 0.0143964562569214 0.00965037177661762 0.00656541686442019 0.003796867584243 0.00450878025628856 7.91014080050625e-05 0.000395507040025312 0.00134472393608606 0.00284765068818225 0.00387596899224806 0.00648631545641512 0.0106786900806834 0.0166903970890682 0.0233349153614934 0.0306913463059642 0.0351210251542477 0.0389178927384907 0.0404208194905869 0.0397880082265464 0.0382850814744502 0.0344091124822022 0.0306122448979592 0.0246796392975795 0.0183515266571745 0.00933396614459737 0.00577440278436956 0.00245214364815694 0.000791014080050625 7.91014080050625e-05 0.000237304224015187 7.91014080050625e-05 0 0 0 0
0.000608219654183682 0.00156399339647233 0.00425753757928578 0.00660352767399427 0.0104266226431488 0.0132070553479885 0.0163350421409332 0.0151186028325658 0.0160743765748545 0.0178990355374055 0.022069684594665 0.0265878877400295 0.0319749761056564 0.0348422973325224 0.0387522808237032 0.0393605004778869 0.0375358415153358 0.0366669562950734 0.0351029628986011 0.033625858024155 0.0307585367972891 0.0264141106959771 0.0201581371100878 0.0188548092796942 0.0156399339647233 0.0106003996872013 0.00738552437223043 0.00599530801981058 0.00356242940307585 0.00390998349118082 0.000434442610131202 0.00217221305065601 0.00425753757928578 0.00886262924667651 0.0106003996872013 0.0152054913545921 0.0156399339647233 0.0178990355374055 0.0212876878964289 0.0278912155704231 0.0318880875836302 0.0352767399426536 0.0377096185593883 0.035798071074811 0.0354505169867061 0.0327569728038926 0.0285863237466331 0.0231123468589799 0.0161612650968807 0.00938396037883396 0.0045182031453645 0.00156399339647233 0.00104266226431488 0.000173777044052481 0.000173777044052481 8.68885220262403e-05 8.68885220262403e-05 0 0 8.68885220262403e-05
0.000265792504651369 0.000442987507752281 0.00221493753876141 0.00398688756977053 0.00815097014264198 0.0128466377248162 0.0142641977496235 0.0174537078054399 0.0187826703286967 0.0201116328519536 0.0244529104279259 0.0264906529635864 0.0297687605209533 0.0351732081155311 0.0360591831310357 0.0376539381589439 0.0388943031806503 0.0363249756356871 0.035527598121733 0.0321608930628156 0.0287941880038983 0.0260476654558341 0.0207318153628068 0.0169221227961372 0.0139098077434216 0.00947993266589882 0.00575883760077966 0.00416408257287145 0.00194914503411004 0.00363249756356871 0.000885975015504563 0.00132896252325684 0.00292371755116506 0.0056702400992292 0.0111632851953575 0.0170993177992381 0.0171879153007885 0.0194914503411004 0.0230353504031186 0.0275538229821919 0.0332240630814211 0.0380969256666962 0.0387171081775494 0.0380969256666962 0.0363249756356871 0.0339328430938248 0.0285283954992469 0.0234783379108709 0.0169221227961372 0.0113404801984584 0.00558164259767875 0.00380969256666962 0.00132896252325684 0.000442987507752281 0.000177195003100913 0.000442987507752281 0.000177195003100913 0.000177195003100913 0 0.000442987507752281
0.000431257547007073 0.00155252716922546 0.00448507848887356 0.00828014490253579 0.0119889598067966 0.015180265654649 0.018112816974297 0.0208728652751423 0.0213041228221494 0.0225116439537692 0.0241504226323961 0.0264792133862343 0.0288080041400725 0.0312230464033121 0.0338105916853545 0.0332068311195446 0.0335518371571503 0.0330343281007418 0.0304467828186993 0.0304467828186993 0.0273417284802484 0.0250129377264102 0.0213041228221494 0.018716577540107 0.0150940141452475 0.0105226841469726 0.00784888735552872 0.00483008452647921 0.003536311885458 0.00293255131964809 0.000431257547007073 0.00241504226323961 0.0065551147145075 0.010608935656374 0.0144902535794376 0.0181990684836985 0.0200966016905296 0.0219078833879593 0.0261342073486286 0.0291530101776781 0.0313092979127135 0.0338105916853545 0.0351043643263757 0.0349318613075729 0.0331205796101432 0.0321718130067276 0.027255476970847 0.0214766258409522 0.0152665171640504 0.00922891150595135 0.00517509056408487 0.00250129377264102 0.000690012075211316 0.000517509056408487 0.000258754528204244 0.000172503018802829 0 0 0 0
0.000178762960314623 0.000983196281730425 0.0023239184840901 0.00437969252770826 0.00750804433321416 0.0119771183410797 0.0178762960314623 0.0221666070790132 0.0241329996424741 0.0255631033249911 0.0263675366464069 0.0275294958884519 0.0305684662138005 0.0326242402574187 0.0330711476582052 0.0336968180193064 0.0326242402574187 0.0331605291383625 0.0308366106542724 0.0290489810511262 0.0293171254915981 0.0250268144440472 0.0226135144797998 0.0188594923131927 0.0153736145870576 0.0122452627815517 0.00956381837683232 0.00634608509116911 0.0031283518055059 0.00491598140865213 0.00062567036110118 0.00151948516267429 0.00303897032534859 0.00589917769038255 0.0102788702180908 0.0147479442259564 0.01894887379335 0.0237754737218448 0.0268144440471934 0.029853414372542 0.0346800143010368 0.0352163031819807 0.0360207365033965 0.0358419735430819 0.034143725420093 0.0328923846978906 0.0271719699678227 0.0212727922774401 0.0154629960672149 0.00920629245620307 0.00446907400786557 0.00277082588487665 0.000715051841258491 0.000446907400786557 8.93814801573114e-05 8.93814801573114e-05 0 0 0 0
0 0.000625335000893336 0.00250134000357334 0.00455601214936573 0.00848668929783813 0.0116133643023048 0.0139360371627658 0.0166160443094515 0.0208147221725925 0.022958727889941 0.0256387350366268 0.0293907450419868 0.0318027514740039 0.0345720921922458 0.0349294264784706 0.0349294264784706 0.0343040914775773 0.0318027514740039 0.0309987493299982 0.0293014114704306 0.0264427371806325 0.0253707343219582 0.0224227264606039 0.0182240485974629 0.0160800428801143 0.0128640343040915 0.0087546900125067 0.0067893514382705 0.00527068072181526 0.00705735215293907 0.000357334286224763 0.000804002144005717 0.00321600857602287 0.00670001786671431 0.0102733607289619 0.0136680364480972 0.0160800428801143 0.0200107200285867 0.025281400750402 0.0310880829015544 0.0352867607646954 0.0357334286224763 0.0367160979095944 0.0370734321958192 0.0356440950509201 0.0321600857602287 0.0276934071824192 0.0242093978917277 0.0167053778810077 0.0114346971591924 0.00616401643737717 0.00312667500446668 0.00107200285867429 0.000357334286224763 8.93335715561908e-05 0 0 0 0 0
8.49184782608696e-05 0.000509510869565217 0.00365149456521739 0.0067085597826087 0.0105298913043478 0.0141813858695652 0.0154551630434783 0.0157948369565217 0.0181725543478261 0.0224184782608696 0.0270040760869565 0.0313349184782609 0.0327785326086957 0.0360054347826087 0.0366847826086957 0.0347316576086957 0.032523777173913 0.030570652173913 0.028617527173913 0.0285326086956522 0.0248811141304348 0.0235224184782609 0.0219938858695652 0.018851902173913 0.0155400815217391 0.0139266304347826 0.0105298913043478 0.00789741847826087 0.00467051630434783 0.00645380434782609 0.000169836956521739 0.00161345108695652 0.00509510869565217 0.0101902173913043 0.0120584239130435 0.0146059782608696 0.0176630434782609 0.0197010869565217 0.0230978260869565 0.0302309782608696 0.0360054347826087 0.0369395380434783 0.0365998641304348 0.0349864130434783 0.033203125 0.0288722826086957 0.0265794836956522 0.0207201086956522 0.0161345108695652 0.00934103260869565 0.00628396739130435 0.00356657608695652 0.00101902173913043 0.000594429347826087 0.000169836956521739 0 0 0 0 0
8.97746655893707e-05 0.000179549331178741 0.00161594398060867 0.00646377592243469 0.0120298051889757 0.017685609121106 0.0193913277673041 0.0217254690726277 0.0236107370500045 0.0254960050273813 0.0296256396444923 0.0342939222551396 0.0367178382260526 0.0378849088787144 0.0377053595475357 0.0376155848819463 0.034383696920729 0.031241583625101 0.0276505970015262 0.02567555435856 0.0237902863811832 0.0214561450758596 0.0184935811114104 0.0163389891372655 0.0127480025136906 0.0102343118771883 0.00790017057186462 0.00493760660741539 0.0021545919741449 0.0036807612891642 8.97746655893707e-05 0.000628422659125595 0.00296256396444923 0.0102343118771883 0.0143639464942993 0.0188526797737678 0.0201992997576084 0.0222641170661639 0.0278301463327049 0.0318700062842266 0.0351916689110333 0.0367178382260526 0.0365382888948739 0.0350121195798546 0.0302540623036179 0.0273812730047581 0.0233414130532364 0.0185833557769997 0.0123889038513332 0.00709219858156028 0.00350121195798546 0.00170571864619804 0 0.000179549331178741 0 0 0 0 0 0
0.000259605399792316 0 0.00129802699896158 0.00406715126341295 0.009865005192108 0.0190377293181032 0.0249221183800623 0.0285565939771547 0.0293354101765317 0.0302872966424368 0.0314987885081343 0.0329698857736241 0.0339217722395292 0.036171685704396 0.0365178262374524 0.0346140533056421 0.0338352371062651 0.0302007615091727 0.0277777777777778 0.0235375562478366 0.022239529248875 0.0200761509172724 0.0171339563862928 0.0136725510557286 0.0119418483904465 0.00943232952578747 0.00692281066112842 0.00545171339563863 0.00294219453097958 0.00302872966424368 0.00017307026652821 0.000605745932848737 0.00311526479750779 0.00796123226029768 0.0151436483212184 0.0231048805815161 0.0249221183800623 0.0283835237106265 0.031239183108342 0.0340083073727934 0.0340948425060575 0.0348736587054344 0.0335756317064728 0.0322776047075113 0.0291623399100035 0.0264797507788162 0.0211145725164417 0.0163551401869159 0.0116822429906542 0.00579785392869505 0.00294219453097958 0.00112495673243337 8.65351332641052e-05 0.00017307026652821 8.65351332641052e-05 0 0 0 0 0
0 0.000450491035228399 0.0018019641409136 0.00369402648887287 0.0062167762861519 0.0123434543652581 0.0165780700964051 0.0226146499684656 0.0267591674925669 0.0283809352193891 0.0319848635012163 0.0350482025407694 0.0367600684746374 0.0392828182719164 0.0396432111000991 0.0374808541310028 0.0352283989548608 0.0321650599153077 0.0304531939814398 0.0242364176952879 0.0240562212811965 0.0198216055500496 0.0184701324443644 0.0153166951977656 0.011532570501847 0.00919001711865934 0.00819893684115686 0.00468510676637535 0.00333363366069015 0.00459500855932967 0.000360392828182719 0.000991080277502478 0.00333363366069015 0.00594648166501487 0.0105414902243445 0.0166681683034508 0.0216235696909632 0.0266690692855212 0.0304531939814398 0.0351383007478151 0.0375709523380485 0.0380214433732769 0.036309577439409 0.0347779079196324 0.0313541760518966 0.0269393639066583 0.0234255338318767 0.0163978736823137 0.0121632579511668 0.00558608883683215 0.00333363366069015 0.00144157131273088 0.000360392828182719 0.000270294621137039 0 0 0 0 0 0
0.000362877619522816 0.000544316429284224 0.000816474643926336 0.00308445976594394 0.00616891953188787 0.0107956091808038 0.0144243853760319 0.017781003356618 0.0220448153860111 0.0244942393177901 0.0262179080105235 0.032477546947292 0.0370135171913272 0.0384650276694185 0.0388279052889413 0.0391000635035834 0.03737639481085 0.0342012156400254 0.0293930871813481 0.027578699083734 0.023587045268983 0.020230427288397 0.0191417944298285 0.0159666152590039 0.0141522271613898 0.0117028032296108 0.00952553751247392 0.00589676131724576 0.00517100607820013 0.00807402703438265 0.00045359702440352 0.000635035834164928 0.00199582690737549 0.0068946747709335 0.0108863285856845 0.0166016510931688 0.0205025855030391 0.0256735915812392 0.0287580513471832 0.0329311439716955 0.035562006713236 0.0386464664791799 0.03737639481085 0.0350176902839517 0.0323868275424113 0.0281230155130182 0.0244942393177901 0.0188696362151864 0.0136986301369863 0.00834618524902477 0.0045359702440352 0.00208654631225619 0.000635035834164928 0.000272158214642112 0 0 0 0 0 0
9.67585873246251e-05 0.000677310111272375 0.00183841315916788 0.003870343492985 0.00793420416061925 0.0117077890662796 0.0143202709240445 0.0176100628930818 0.0211901306240929 0.025544267053701 0.0277697145621674 0.0328011611030479 0.0357039187227866 0.0385099177552008 0.0397677793904209 0.0393807450411224 0.0380261248185777 0.0349298500241896 0.0328011611030479 0.0277697145621674 0.0249637155297533 0.0215771649733914 0.0187711659409773 0.0160619254958878 0.0148040638606676 0.0113207547169811 0.00832123850991776 0.00648282535074988 0.00367682631833575 0.0065795839380745 0.0003870343492985 0.000967585873246251 0.00328979196903725 0.00648282535074988 0.0102564102564103 0.014707305273343 0.0184808901790034 0.0234155781325593 0.0297048863086599 0.0333817126269956 0.0370585389453314 0.0375423318819545 0.0374455732946299 0.0350266086115143 0.0321238509917755 0.028640541848089 0.0237058538945331 0.0188679245283019 0.0112239961296565 0.006966618287373 0.00396710208030963 0.000967585873246251 0.000483792936623125 9.67585873246251e-05 0 0 0 0 0 0
0.000192845434384341 0.000385690868768682 0.00173560890945907 0.0026034133641886 0.00443544499083984 0.00578536303153023 0.01243853051779 0.0159097483367081 0.0185131617008967 0.0223700703885835 0.0251663291871565 0.0329765692797223 0.0368334779674091 0.0392440458972134 0.0404975412207116 0.0410760775238646 0.0401118503519429 0.0377012824221387 0.0348086009063735 0.0323980329765693 0.0276733198341529 0.0240092565808504 0.0190916980040498 0.0165847073570533 0.0134027576897117 0.00993153987079356 0.00703885835502844 0.00655674476906759 0.00298910423295728 0.00482113585960852 9.64227171921705e-05 0.000482113585960852 0.00221772249541992 0.00462829042522418 0.00665316748625976 0.0111850351942918 0.0164882846398612 0.0219843795198149 0.0293125060264198 0.0344229100376049 0.0375084369877543 0.0397261594831742 0.0397261594831742 0.0371227461189856 0.0347121781891814 0.0314338058046476 0.0262269790762704 0.0199595024587793 0.0132099122553274 0.00887088998167968 0.00414617683926333 0.0016391861922669 0.000674959020345193 0.000289268151576511 0 0 0 0 0 0
0.000406876207913742 0.000712033363849049 0.00162750483165497 0.00356016681924524 0.00569626691079239 0.00956159088597294 0.0132234767571966 0.0161733292645713 0.0183094293561184 0.0227850676431696 0.029193367917811 0.0342793205167328 0.0376360492320212 0.039466992167633 0.0396704302715899 0.0390601159597193 0.0379412063879565 0.0357033872444309 0.0320415013732072 0.0303122774895738 0.0258366392025226 0.0232936629030617 0.0190214627199674 0.0151561387447869 0.0125114433933476 0.00996846709388668 0.00701861458651205 0.00671345743057675 0.00335672871528837 0.00589970501474926 0.00122062862374123 0.00132234767571966 0.00233953819550402 0.00498423354694334 0.00925643373003764 0.014240667276981 0.0179025531482047 0.0242091343708677 0.0296002441257247 0.0364154206082799 0.0381446444919133 0.0402807445834605 0.0383480825958702 0.0367205777642152 0.03316041094497 0.0288882107618757 0.023598820058997 0.0175973959922694 0.0115959719255417 0.00752720984640423 0.00366188587122368 0.00132234767571966 0.000813752415827484 0.000101719051978436 0.000508595259892178 0.000101719051978436 0 0 0 0
0.000446030330062444 0.00187332738626227 0.00553077609277431 0.0103479036574487 0.0105263157894737 0.0112399643175736 0.0125780553077609 0.0148082069580731 0.0189116859946476 0.0214986619090098 0.0251561106155219 0.0289919714540589 0.0344335414808207 0.0346119536128457 0.0344335414808207 0.0345227475468332 0.0334522747546833 0.0320249776984835 0.0304192685102587 0.0296164139161463 0.0247992863514719 0.0224799286351472 0.0199821587867975 0.016057091882248 0.0131132917038359 0.0107939339875112 0.00865298840321142 0.00588760035682426 0.00463871543264942 0.00651204281891169 0.00178412132024978 0.0064228367528992 0.0135593220338983 0.0151650312221231 0.0163247100802855 0.0176628010704728 0.0188224799286351 0.0231043710972346 0.0280107047279215 0.032292595896521 0.0358608385370205 0.0350579839429081 0.0356824264049955 0.0322033898305085 0.0290811775200714 0.0278322925958965 0.0243532560214095 0.0184656556645852 0.0141837644959857 0.00793933987511151 0.0048171275646744 0.00178412132024978 0.000713648528099911 0.000356824264049955 0 0 8.92060660124889e-05 0 0 8.92060660124889e-05
0.000778412039439543 0.00311364815775817 0.00951392492648331 0.0163466528282304 0.0204981837052413 0.0228334198235599 0.0242172634492302 0.0231793807299775 0.0227469295969555 0.0243037536758346 0.0260335582079225 0.0294931672720983 0.0306175402179554 0.0330392665628784 0.0328662861096696 0.0307905206711642 0.0298391281785158 0.0271579311537796 0.0266389897941533 0.0221414980107248 0.0207576543850545 0.0182494378135271 0.0150492994291645 0.0128005535374503 0.0101193565127141 0.0082165715274174 0.00570835495588998 0.00441100155682408 0.00345960906417575 0.00475696246324165 0.00147033385227469 0.00674623767514271 0.0136654558034942 0.0202387130254281 0.0241307732226258 0.0260335582079225 0.0245632243556478 0.0269849507005708 0.0300121086317246 0.0315689327106037 0.032520325203252 0.0324338349766476 0.032520325203252 0.0302715793115378 0.0277633627400104 0.0240442829960214 0.0197197716658018 0.0144438678429337 0.0110707490053624 0.00605431586230756 0.00259470679813181 0.000778412039439543 0.000259470679813181 0.000432451133021969 0 0 0 0 0 0
0.000445990545000446 0.00258674516100259 0.00668985817500669 0.0103469806440103 0.0146284898760146 0.0213183480510213 0.0246186780840246 0.0272054232450272 0.0278298100080278 0.0274730175720275 0.0272946213540273 0.0278298100080278 0.0307733476050308 0.0305057532780305 0.031040941932031 0.0298813665150299 0.0301489608420301 0.0268486308090268 0.0261350459370261 0.0241726875390242 0.0217643385960218 0.0181072161270181 0.0151636785300152 0.0132013201320132 0.0107929711890108 0.00865221657300865 0.00642226384800642 0.00588707519400589 0.00445990545000446 0.0074034430470074 0.00169476407100169 0.00437070734100437 0.0090982071180091 0.0138257068950138 0.0200695745250201 0.0240834894300241 0.024975470520025 0.0272946213540273 0.0297029702970297 0.0314869324770315 0.0329141022210329 0.0324681116760325 0.0328249041120328 0.0308625457140309 0.0282758005530283 0.0247970743020248 0.0218535367050219 0.0182856123450183 0.0135581125680136 0.00767103737400767 0.0057978770850058 0.00267594327000268 0.000981179199000981 0.000356792436000357 0.000178396218000178 0.000178396218000178 0 8.91981090000892e-05 0 0
0.000511038430089943 0.00183973834832379 0.00419051512673753 0.00858544562551104 0.0127759607522486 0.0156377759607522 0.0188062142273099 0.0216680294358136 0.0238143908421913 0.0260629599345871 0.0297424366312347 0.0314799672935405 0.0331152902698283 0.0344439901880621 0.035261651676206 0.0338307440719542 0.0333197056418643 0.0328086672117743 0.0274938675388389 0.0244276369582993 0.0224856909239575 0.0207481602616517 0.01778413736713 0.0152289452166803 0.0128781684382666 0.0103229762878168 0.0071545380212592 0.00592804578904334 0.00429272281275552 0.00592804578904334 0.000613246116107931 0.00306623058053966 0.00766557645134914 0.0103229762878168 0.0146156991005724 0.01778413736713 0.0204415372035977 0.0234055600981194 0.0273916598528209 0.0327064595257563 0.0366925592804579 0.035977105478332 0.035772690106296 0.0327064595257563 0.0300490596892886 0.0274938675388389 0.0226901062959935 0.0173753066230581 0.0130825838103025 0.00930089942763696 0.00419051512673753 0.00235077677841374 0.00102207686017989 0.000204415372035977 0.000306623058053966 0.000102207686017989 0.000102207686017989 0 0 0
0.000304136253041363 0.000608272506082725 0.00152068126520681 0.00314274128142741 0.00780616382806164 0.00993511759935118 0.0145985401459854 0.0203771289537713 0.0254460665044607 0.029602595296026 0.0328467153284672 0.0356853203568532 0.0373073803730738 0.0384225466342255 0.0387266828872668 0.0344687753446878 0.0315287915652879 0.0313260340632603 0.0281832927818329 0.0264598540145985 0.0238240064882401 0.0208840227088402 0.017639902676399 0.0149026763990268 0.012875101378751 0.0097323600973236 0.00699513381995134 0.00587996755879968 0.00385239253852393 0.00719789132197891 0.000506893755068938 0.000304136253041363 0.0024330900243309 0.00517031630170316 0.00790754257907543 0.0117599351175994 0.0167274939172749 0.0241281427412814 0.0307177615571776 0.0355839416058394 0.038625304136253 0.0387266828872668 0.0370032441200324 0.0348742903487429 0.0337591240875912 0.0285888077858881 0.0244322789943228 0.0187550689375507 0.0156123276561233 0.0101378751013788 0.00689375506893755 0.00334549878345499 0.00121654501216545 0.000506893755068938 0.000101378751013788 0 0 0 0 0.000101378751013788
0.000306341264168283 0.00163382007556418 0.0055141427550291 0.0109261717553354 0.0150107219442459 0.0192994996426019 0.0223629122842847 0.0240988461145716 0.0235882773409578 0.0268559174920862 0.0297151026243235 0.0335954253037884 0.0347186766057388 0.036760951700194 0.0358419279076892 0.0345144490962933 0.0312468089451649 0.0296129888696007 0.0264474624731951 0.0231798223220668 0.0202185234351067 0.0196058409067701 0.0160318594914735 0.0131726743592362 0.011130399264781 0.00959869294393955 0.00663739405697948 0.00449300520780149 0.00428877769835597 0.00643316654753395 0.000408455018891045 0.00214438884917798 0.00725007658531604 0.0106198304911672 0.0155212907178597 0.0182783620953742 0.0189931583784336 0.0228734810578985 0.0262432349637496 0.0322679464923925 0.0357398141529664 0.036760951700194 0.0341059940774022 0.0325742877565608 0.0303277851526601 0.0261411212090269 0.022669253548453 0.0172572245481466 0.0130705606045134 0.0100071479628306 0.0050035739814153 0.00306341264168283 0.00122536505667313 0.000408455018891045 0.000102113754722761 0.000102113754722761 0 0 0 0
0.000649561545956479 0.00389736927573888 0.0125852549529068 0.0198928223449172 0.0247645339395908 0.0267944137707048 0.0276875608963949 0.0263072426112374 0.0264696329977265 0.026388437804482 0.0265508281909711 0.0288242936018188 0.03044819746671 0.0323156869113349 0.0316661253653784 0.0303670022734654 0.0284995128288405 0.0267944137707048 0.0241961675868789 0.0220038973692757 0.0180253329002923 0.0174569665475804 0.0144527443975317 0.0102305943488146 0.0103929847353037 0.00698278661903215 0.00454693082169536 0.00349139330951608 0.00292302695680416 0.00584605391360831 0.000893147125690159 0.00608963949334199 0.0146151347840208 0.0218415069827866 0.0238713868139006 0.0260636570315037 0.0246021435531017 0.0259012666450146 0.0276875608963949 0.0307729782396882 0.0303670022734654 0.0309353686261773 0.0303670022734654 0.0277687560896395 0.0254140954855473 0.0231406300746996 0.0179441377070477 0.0150211107502436 0.0104741799285482 0.00673920103929847 0.00430334524196168 0.002029879831114 0.000730756739201039 0.000730756739201039 8.11951932445599e-05 0.00016239038648912 0 0 0 0
0.000841467519353753 0.00403904409289801 0.0113598115112757 0.0183439919219118 0.0247391450690003 0.0301245371928644 0.030713564456412 0.032059912487378 0.0304611242006059 0.0290306294177045 0.0276842813867385 0.0294513631773814 0.0297879501851229 0.0305452709525412 0.0292830696735106 0.0275159878828677 0.0250757320767418 0.0230562100302928 0.0222988892628745 0.0187647256815887 0.0182598451699764 0.0152305621003029 0.0128744530461124 0.012117132278694 0.00900370245708516 0.00706832716257152 0.0058061258835409 0.00445977785257489 0.00244025580612588 0.00521709861999327 0.00117805452709525 0.00690003365870077 0.0158195893638506 0.0222147425109391 0.0270952541231908 0.030040390440929 0.0297879501851229 0.0304611242006059 0.0287781891618984 0.0296196566812521 0.0301245371928644 0.0296196566812521 0.0287781891618984 0.0260854930999663 0.0245708515651296 0.0215415684954561 0.0179232581622349 0.0126220127903063 0.00908784920902053 0.00572197913160552 0.00218781555031976 0.00151464153483676 0.000504880511612252 0 8.41467519353753e-05 0 0 8.41467519353753e-05 0 0
0.00303368992495609 0.0117355899728565 0.0198786524030018 0.0249081909627974 0.0296982276864123 0.029937729522593 0.0310554047581031 0.0309755708127096 0.0324924157751876 0.0316940763212518 0.0320134121028261 0.0316142423758582 0.0307360689765288 0.0300175634679866 0.0266645377614562 0.0253871946351589 0.0229123423279578 0.0203576560753632 0.0178029698227686 0.0158869551333227 0.0134919367715152 0.0108574165735271 0.00981957528341051 0.00694555324924158 0.00566821012294428 0.0047102027782213 0.00247485230720102 0.00175634679865879 0.00183618074405237 0.00191601468944595 0.00718505508542232 0.0154079514609612 0.0225131726009899 0.0283410506147214 0.0280217148331471 0.0297780616318058 0.0309755708127096 0.0322529139390069 0.0316940763212518 0.031853744212039 0.0304167331949545 0.0292990579594444 0.025546862525946 0.0231518441641386 0.0209963276385119 0.0176433019319815 0.0133322688807281 0.00981957528341051 0.00622704774069935 0.00303368992495609 0.00223535047102028 0.0012773431262973 0.000479003672361488 7.98339453935814e-05 0.000159667890787163 0 0 0 0 0
0.0020497803806735 0.00768667642752562 0.0170571010248902 0.0242313323572474 0.0293557833089312 0.0316983894582723 0.0333821376281113 0.0331625183016105 0.0341142020497804 0.0320644216691069 0.0325036603221083 0.0316983894582723 0.0304538799414348 0.0308931185944363 0.0273792093704246 0.0251830161054173 0.0203513909224012 0.017203513909224 0.0128843338213763 0.0126647144948755 0.0107613469985359 0.0095900439238653 0.00871156661786237 0.00768667642752562 0.00563689604685212 0.00366032210834553 0.0034407027818448 0.0020497803806735 0.00146412884333821 0.00175695461200586 0.00395314787701318 0.0141288433382138 0.0232064421669107 0.0292825768667643 0.0327232796486091 0.0328696925329429 0.0332357247437775 0.0337481698389458 0.0331625183016105 0.0329428989751098 0.031112737920937 0.0289165446559297 0.026207906295754 0.02298682284041 0.0217423133235725 0.0161054172767204 0.0133235724743777 0.00988286969253294 0.00717423133235725 0.00461200585651537 0.00314787701317716 0.00161054172767204 0.000951683748169839 0.00102489019033675 0.000585651537335285 0.000219619326500732 0.000292825768667643 0 7.32064421669107e-05 0
0.000355593485527345 0.00348481615816798 0.0118057037195079 0.0225446269824337 0.028803072327715 0.0318611763032501 0.0327146006685158 0.0341369746106251 0.0346348054903634 0.0352037550672072 0.0347770428845744 0.0339947372164142 0.033354668942465 0.0320745323945665 0.0299409714814025 0.0278785292653439 0.0243225944100704 0.0211222530403243 0.0177085555792618 0.0138681459355665 0.0120901785079297 0.011378991536875 0.00981438020055473 0.00789417537870706 0.00625844534528127 0.00526278358580471 0.0041248844321172 0.00227579830737501 0.00184908612474219 0.00369817224948439 0.00106678045658204 0.00661403883080862 0.0186330986416329 0.026385036626129 0.0306521584524572 0.0307232771495626 0.0320034136974611 0.0339947372164142 0.034421449399047 0.0337102624279923 0.0324301258800939 0.0294431406016642 0.0252471374724415 0.0223312708911173 0.0196998790982149 0.0164284190313633 0.0122324159021407 0.00952990541213285 0.00704075101344143 0.00433824052343361 0.00234691700448048 0.000924543062371097 0.000355593485527345 0.000142237394210938 7.1118697105469e-05 0 0 0 0 0
0.000818269731458752 0.00238042103697091 0.00617421706464331 0.0130179275459347 0.0204567432864688 0.0274492300825709 0.031838131369486 0.0349624339805103 0.0371196905452652 0.038607453693372 0.0392025589526147 0.0401696049988842 0.0393513352674254 0.0372684668600759 0.0345904931934836 0.0312430261102432 0.0264077958788961 0.022242059064197 0.0176299933050658 0.0142081380644201 0.012869151231124 0.00981923677750502 0.0083314736293982 0.00662054600907535 0.00528155917577922 0.00476084207394183 0.00357063155545637 0.00238042103697091 0.0016365394629175 0.0025291973517816 0.000967046046269434 0.00394257234248308 0.00974484862009968 0.0174068288328498 0.0250688090455999 0.0296808748047311 0.0342185524064569 0.0359294800267797 0.0387562300081827 0.0395001115822361 0.0375660194896972 0.0332515063601875 0.0282674998140296 0.0243249274715465 0.0188945919809566 0.0159934538421483 0.0116045525552332 0.00810830915718218 0.00572788812021126 0.00424012497210444 0.00193409209253887 0.00119021051848546 0.000520717101837387 0.000223164472216023 0 0 0 0 0 0
0.00231107002542177 0.00508435405592789 0.00878206609660273 0.0159463831754102 0.0232647715892458 0.0262691626222941 0.030043910330483 0.0327401586934751 0.0353593713889531 0.0379785840844311 0.0393652260996842 0.0397504044372545 0.0397504044372545 0.0382867267544873 0.0356675140590093 0.0316616593482783 0.0284261613126878 0.0238040212618442 0.0197211308835991 0.015638240505354 0.0118634927971651 0.00754949541637778 0.00677913874123719 0.00539249672598413 0.00454510438332948 0.00385178337570295 0.00238810569293583 0.00146367768276712 0.000693321007626531 0.00146367768276712 0.00323549803559048 0.00585471073106848 0.0127108851398197 0.0187196672059163 0.0248825206070411 0.028734303982744 0.0310453740081658 0.0348201217163547 0.0367460134042061 0.0385178337570295 0.0370541560742624 0.0330483013635313 0.0294276249903705 0.0238040212618442 0.0199522378861413 0.0147908481626993 0.00978352977428549 0.00801170942146214 0.00616285340112472 0.00315846236807642 0.00161774901779524 0.00115553501271089 0.000462214005084354 0.000308142670056236 0 0 7.7035667514059e-05 7.7035667514059e-05 0 0
0.00200176155016414 0.00536472095443991 0.0118504283769717 0.0176155016414445 0.024341420449996 0.0285050844743374 0.0323484666506526 0.0353110737448955 0.0392345263832172 0.0403555128513092 0.0418768516294339 0.0419569220914405 0.0410761470093682 0.0390743854592041 0.0358715669789415 0.0310673392585475 0.0266634638481864 0.0213788133557531 0.0187364881095364 0.0150532468572344 0.010329089598847 0.00704620065657779 0.00520458003042678 0.00352310032828889 0.00296260709424293 0.00160140924013132 0.000880775082072224 0.00056049323404596 8.00704620065658e-05 0.000640563696052526 0.0028024661702298 0.00816718712466971 0.0132916966930899 0.0205781087356874 0.0252221955320682 0.0303467051004884 0.0353110737448955 0.0382736808391384 0.0409160060853551 0.0403555128513092 0.0380334694531187 0.0348306509728561 0.0263431820001601 0.0202578268876611 0.0164945151733525 0.0102490191368404 0.00728641204259749 0.00424373448634799 0.00240211386019697 0.00128112739210505 0.000400352310032829 0.000240211386019697 0.000160140924013132 0 0 0 0 0 0 0
#: #!
