1.17000108963609 1.54110645515371 1.8459898377241 2.08444565511028 2.2669383128001 2.40751503470806 2.52869129852276 2.6387902385007 2.72886039002491 2.79962783534676 2.85963136870352 2.91031426080073 2.95222003086171 2.98665689613151 3.01757468856505 3.04513803584797 3.0726474779662 3.10194011628043 3.13400908201888 3.16684565737458 3.20041537071996 3.22956089165882 3.25530264455221 3.27694777248866 3.29360494540773 3.30663526353278 3.31550796466872 3.31861036810959 3.31690778901834 3.30878618637019
1.17000108963609 1.54110645515371 1.8459898377241 2.08444565511028 2.2669383128001 2.40751503470806 2.52869129852276 2.6387902385007 2.72886039002491 2.79962783534676 2.85963136870352 2.91031426080073 2.95222003086171 2.98665689613151 3.01757468856505 3.04513803584797 3.0726474779662 3.10194011628043 3.13400908201888 3.16684565737458 3.20041537071996 3.22956089165882 3.25530264455221 3.27694777248866 3.29360494540773 3.30663526353278 3.31550796466872 3.31861036810959 3.31690778901834 3.30878618637019
1.17000108963609 1.54110645515371 1.8459898377241 2.08444565511028 2.2669383128001 2.40751503470806 2.52869129852276 2.6387902385007 2.72886039002491 2.79962783534676 2.85963136870352 2.91031426080073 2.95222003086171 2.98665689613151 3.01757468856505 3.04513803584797 3.0726474779662 3.10194011628043 3.13400908201888 3.16684565737458 3.20041537071996 3.22956089165882 3.25530264455221 3.27694777248866 3.29360494540773 3.30663526353278 3.31550796466872 3.31861036810959 3.31690778901834 3.30878618637019
1.17000108963609 1.54110645515371 1.8459898377241 2.08444565511028 2.2669383128001 2.40751503470806 2.52869129852276 2.6387902385007 2.72886039002491 2.79962783534676 2.85963136870352 2.91031426080073 2.95222003086171 2.98665689613151 3.01757468856505 3.04513803584797 3.0726474779662 3.10194011628043 3.13400908201888 3.16684565737458 3.20041537071996 3.22956089165882 3.25530264455221 3.27694777248866 3.29360494540773 3.30663526353278 3.31550796466872 3.31861036810959 3.31690778901834 3.30878618637019
1.17000108963609 1.54110645515371 1.8459898377241 2.08444565511028 2.2669383128001 2.40751503470806 2.52869129852276 2.6387902385007 2.72886039002491 2.79962783534676 2.85963136870352 2.91031426080073 2.95222003086171 2.98665689613151 3.01757468856505 3.04513803584797 3.0726474779662 3.10194011628043 3.13400908201888 3.16684565737458 3.20041537071996 3.22956089165882 3.25530264455221 3.27694777248866 3.29360494540773 3.30663526353278 3.31550796466872 3.31861036810959 3.31690778901834 3.30878618637019
1.17000108963609 1.54110645515371 1.8459898377241 2.08444565511028 2.2669383128001 2.40751503470806 2.52869129852276 2.6387902385007 2.72886039002491 2.79962783534676 2.85963136870352 2.91031426080073 2.95222003086171 2.98665689613151 3.01757468856505 3.04513803584797 3.0726474779662 3.10194011628043 3.13400908201888 3.16684565737458 3.20041537071996 3.22956089165882 3.25530264455221 3.27694777248866 3.29360494540773 3.30663526353278 3.31550796466872 3.31861036810959 3.31690778901834 3.30878618637019
1.17000108963609 1.54110645515371 1.8459898377241 2.08444565511028 2.2669383128001 2.40751503470806 2.52869129852276 2.6387902385007 2.72886039002491 2.79962783534676 2.85963136870352 2.91031426080073 2.95222003086171 2.98665689613151 3.01757468856505 3.04513803584797 3.0726474779662 3.10194011628043 3.13400908201888 3.16684565737458 3.20041537071996 3.22956089165882 3.25530264455221 3.27694777248866 3.29360494540773 3.30663526353278 3.31550796466872 3.31861036810959 3.31690778901834 3.30878618637019
1.17000108963609 1.54110645515371 1.8459898377241 2.08444565511028 2.2669383128001 2.40751503470806 2.52869129852276 2.6387902385007 2.72886039002491 2.79962783534676 2.85963136870352 2.91031426080073 2.95222003086171 2.98665689613151 3.01757468856505 3.04513803584797 3.0726474779662 3.10194011628043 3.13400908201888 3.16684565737458 3.20041537071996 3.22956089165882 3.25530264455221 3.27694777248866 3.29360494540773 3.30663526353278 3.31550796466872 3.31861036810959 3.31690778901834 3.30878618637019
1.17000108963609 1.54110645515371 1.8459898377241 2.08444565511028 2.2669383128001 2.40751503470806 2.52869129852276 2.6387902385007 2.72886039002491 2.79962783534676 2.85963136870352 2.91031426080073 2.95222003086171 2.98665689613151 3.01757468856505 3.04513803584797 3.0726474779662 3.10194011628043 3.13400908201888 3.16684565737458 3.20041537071996 3.22956089165882 3.25530264455221 3.27694777248866 3.29360494540773 3.30663526353278 3.31550796466872 3.31861036810959 3.31690778901834 3.30878618637019
1.17000108963609 1.54110645515371 1.8459898377241 2.08444565511028 2.2669383128001 2.40751503470806 2.52869129852276 2.6387902385007 2.72886039002491 2.79962783534676 2.85963136870352 2.91031426080073 2.95222003086171 2.98665689613151 3.01757468856505 3.04513803584797 3.0726474779662 3.10194011628043 3.13400908201888 3.16684565737458 3.20041537071996 3.22956089165882 3.25530264455221 3.27694777248866 3.29360494540773 3.30663526353278 3.31550796466872 3.31861036810959 3.31690778901834 3.30878618637019
1.17000108963609 1.54110645515371 1.8459898377241 2.08444565511028 2.2669383128001 2.40751503470806 2.52869129852276 2.6387902385007 2.72886039002491 2.79962783534676 2.85963136870352 2.91031426080073 2.95222003086171 2.98665689613151 3.01757468856505 3.04513803584797 3.0726474779662 3.10194011628043 3.13400908201888 3.16684565737458 3.20041537071996 3.22956089165882 3.25530264455221 3.27694777248866 3.29360494540773 3.30663526353278 3.31550796466872 3.31861036810959 3.31690778901834 3.30878618637019
1.17000108963609 1.54110645515371 1.8459898377241 2.08444565511028 2.2669383128001 2.40751503470806 2.52869129852276 2.6387902385007 2.72886039002491 2.79962783534676 2.85963136870352 2.91031426080073 2.95222003086171 2.98665689613151 3.01757468856505 3.04513803584797 3.0726474779662 3.10194011628043 3.13400908201888 3.16684565737458 3.20041537071996 3.22956089165882 3.25530264455221 3.27694777248866 3.29360494540773 3.30663526353278 3.31550796466872 3.31861036810959 3.31690778901834 3.30878618637019
1.17000108963609 1.54110645515371 1.8459898377241 2.08444565511028 2.2669383128001 2.40751503470806 2.52869129852276 2.6387902385007 2.72886039002491 2.79962783534676 2.85963136870352 2.91031426080073 2.95222003086171 2.98665689613151 3.01757468856505 3.04513803584797 3.0726474779662 3.10194011628043 3.13400908201888 3.16684565737458 3.20041537071996 3.22956089165882 3.25530264455221 3.27694777248866 3.29360494540773 3.30663526353278 3.31550796466872 3.31861036810959 3.31690778901834 3.30878618637019
1.17000108963609 1.54110645515371 1.8459898377241 2.08444565511028 2.2669383128001 2.40751503470806 2.52869129852276 2.6387902385007 2.72886039002491 2.79962783534676 2.85963136870352 2.91031426080073 2.95222003086171 2.98665689613151 3.01757468856505 3.04513803584797 3.0726474779662 3.10194011628043 3.13400908201888 3.16684565737458 3.20041537071996 3.22956089165882 3.25530264455221 3.27694777248866 3.29360494540773 3.30663526353278 3.31550796466872 3.31861036810959 3.31690778901834 3.30878618637019
1.17000108963609 1.54110645515371 1.8459898377241 2.08444565511028 2.2669383128001 2.40751503470806 2.52869129852276 2.6387902385007 2.72886039002491 2.79962783534676 2.85963136870352 2.91031426080073 2.95222003086171 2.98665689613151 3.01757468856505 3.04513803584797 3.0726474779662 3.10194011628043 3.13400908201888 3.16684565737458 3.20041537071996 3.22956089165882 3.25530264455221 3.27694777248866 3.29360494540773 3.30663526353278 3.31550796466872 3.31861036810959 3.31690778901834 3.30878618637019
1.17000108963609 1.54110645515371 1.8459898377241 2.08444565511028 2.2669383128001 2.40751503470806 2.52869129852276 2.6387902385007 2.72886039002491 2.79962783534676 2.85963136870352 2.91031426080073 2.95222003086171 2.98665689613151 3.01757468856505 3.04513803584797 3.0726474779662 3.10194011628043 3.13400908201888 3.16684565737458 3.20041537071996 3.22956089165882 3.25530264455221 3.27694777248866 3.29360494540773 3.30663526353278 3.31550796466872 3.31861036810959 3.31690778901834 3.30878618637019
1.17000108963609 1.54110645515371 1.8459898377241 2.08444565511028 2.2669383128001 2.40751503470806 2.52869129852276 2.6387902385007 2.72886039002491 2.79962783534676 2.85963136870352 2.91031426080073 2.95222003086171 2.98665689613151 3.01757468856505 3.04513803584797 3.0726474779662 3.10194011628043 3.13400908201888 3.16684565737458 3.20041537071996 3.22956089165882 3.25530264455221 3.27694777248866 3.29360494540773 3.30663526353278 3.31550796466872 3.31861036810959 3.31690778901834 3.30878618637019
1.17000108963609 1.54110645515371 1.8459898377241 2.08444565511028 2.2669383128001 2.40751503470806 2.52869129852276 2.6387902385007 2.72886039002491 2.79962783534676 2.85963136870352 2.91031426080073 2.95222003086171 2.98665689613151 3.01757468856505 3.04513803584797 3.0726474779662 3.10194011628043 3.13400908201888 3.16684565737458 3.20041537071996 3.22956089165882 3.25530264455221 3.27694777248866 3.29360494540773 3.30663526353278 3.31550796466872 3.31861036810959 3.31690778901834 3.30878618637019
1.17000108963609 1.54110645515371 1.8459898377241 2.08444565511028 2.2669383128001 2.40751503470806 2.52869129852276 2.6387902385007 2.72886039002491 2.79962783534676 2.85963136870352 2.91031426080073 2.95222003086171 2.98665689613151 3.01757468856505 3.04513803584797 3.0726474779662 3.10194011628043 3.13400908201888 3.16684565737458 3.20041537071996 3.22956089165882 3.25530264455221 3.27694777248866 3.29360494540773 3.30663526353278 3.31550796466872 3.31861036810959 3.31690778901834 3.30878618637019
1.17000108963609 1.54110645515371 1.8459898377241 2.08444565511028 2.2669383128001 2.40751503470806 2.52869129852276 2.6387902385007 2.72886039002491 2.79962783534676 2.85963136870352 2.91031426080073 2.95222003086171 2.98665689613151 3.01757468856505 3.04513803584797 3.0726474779662 3.10194011628043 3.13400908201888 3.16684565737458 3.20041537071996 3.22956089165882 3.25530264455221 3.27694777248866 3.29360494540773 3.30663526353278 3.31550796466872 3.31861036810959 3.31690778901834 3.30878618637019
1.17000108963609 1.54110645515371 1.8459898377241 2.08444565511028 2.2669383128001 2.40751503470806 2.52869129852276 2.6387902385007 2.72886039002491 2.79962783534676 2.85963136870352 2.91031426080073 2.95222003086171 2.98665689613151 3.01757468856505 3.04513803584797 3.0726474779662 3.10194011628043 3.13400908201888 3.16684565737458 3.20041537071996 3.22956089165882 3.25530264455221 3.27694777248866 3.29360494540773 3.30663526353278 3.31550796466872 3.31861036810959 3.31690778901834 3.30878618637019
1.17000108963609 1.54110645515371 1.8459898377241 2.08444565511028 2.2669383128001 2.40751503470806 2.52869129852276 2.6387902385007 2.72886039002491 2.79962783534676 2.85963136870352 2.91031426080073 2.95222003086171 2.98665689613151 3.01757468856505 3.04513803584797 3.0726474779662 3.10194011628043 3.13400908201888 3.16684565737458 3.20041537071996 3.22956089165882 3.25530264455221 3.27694777248866 3.29360494540773 3.30663526353278 3.31550796466872 3.31861036810959 3.31690778901834 3.30878618637019
1.17000108963609 1.54110645515371 1.8459898377241 2.08444565511028 2.2669383128001 2.40751503470806 2.52869129852276 2.6387902385007 2.72886039002491 2.79962783534676 2.85963136870352 2.91031426080073 2.95222003086171 2.98665689613151 3.01757468856505 3.04513803584797 3.0726474779662 3.10194011628043 3.13400908201888 3.16684565737458 3.20041537071996 3.22956089165882 3.25530264455221 3.27694777248866 3.29360494540773 3.30663526353278 3.31550796466872 3.31861036810959 3.31690778901834 3.30878618637019
1.17000108963609 1.54110645515371 1.8459898377241 2.08444565511028 2.2669383128001 2.40751503470806 2.52869129852276 2.6387902385007 2.72886039002491 2.79962783534676 2.85963136870352 2.91031426080073 2.95222003086171 2.98665689613151 3.01757468856505 3.04513803584797 3.0726474779662 3.10194011628043 3.13400908201888 3.16684565737458 3.20041537071996 3.22956089165882 3.25530264455221 3.27694777248866 3.29360494540773 3.30663526353278 3.31550796466872 3.31861036810959 3.31690778901834 3.30878618637019
1.17000108963609 1.54110645515371 1.8459898377241 2.08444565511028 2.2669383128001 2.40751503470806 2.52869129852276 2.6387902385007 2.72886039002491 2.79962783534676 2.85963136870352 2.91031426080073 2.95222003086171 2.98665689613151 3.01757468856505 3.04513803584797 3.0726474779662 3.10194011628043 3.13400908201888 3.16684565737458 3.20041537071996 3.22956089165882 3.25530264455221 3.27694777248866 3.29360494540773 3.30663526353278 3.31550796466872 3.31861036810959 3.31690778901834 3.30878618637019
1.17000108963609 1.54110645515371 1.8459898377241 2.08444565511028 2.2669383128001 2.40751503470806 2.52869129852276 2.6387902385007 2.72886039002491 2.79962783534676 2.85963136870352 2.91031426080073 2.95222003086171 2.98665689613151 3.01757468856505 3.04513803584797 3.0726474779662 3.10194011628043 3.13400908201888 3.16684565737458 3.20041537071996 3.22956089165882 3.25530264455221 3.27694777248866 3.29360494540773 3.30663526353278 3.31550796466872 3.31861036810959 3.31690778901834 3.30878618637019
1.17000108963609 1.54110645515371 1.8459898377241 2.08444565511028 2.2669383128001 2.40751503470806 2.52869129852276 2.6387902385007 2.72886039002491 2.79962783534676 2.85963136870352 2.91031426080073 2.95222003086171 2.98665689613151 3.01757468856505 3.04513803584797 3.0726474779662 3.10194011628043 3.13400908201888 3.16684565737458 3.20041537071996 3.22956089165882 3.25530264455221 3.27694777248866 3.29360494540773 3.30663526353278 3.31550796466872 3.31861036810959 3.31690778901834 3.30878618637019
1.17000108963609 1.54110645515371 1.8459898377241 2.08444565511028 2.2669383128001 2.40751503470806 2.52869129852276 2.6387902385007 2.72886039002491 2.79962783534676 2.85963136870352 2.91031426080073 2.95222003086171 2.98665689613151 3.01757468856505 3.04513803584797 3.0726474779662 3.10194011628043 3.13400908201888 3.16684565737458 3.20041537071996 3.22956089165882 3.25530264455221 3.27694777248866 3.29360494540773 3.30663526353278 3.31550796466872 3.31861036810959 3.31690778901834 3.30878618637019
1.17000108963609 1.54110645515371 1.8459898377241 2.08444565511028 2.2669383128001 2.40751503470806 2.52869129852276 2.6387902385007 2.72886039002491 2.79962783534676 2.85963136870352 2.91031426080073 2.95222003086171 2.98665689613151 3.01757468856505 3.04513803584797 3.0726474779662 3.10194011628043 3.13400908201888 3.16684565737458 3.20041537071996 3.22956089165882 3.25530264455221 3.27694777248866 3.29360494540773 3.30663526353278 3.31550796466872 3.31861036810959 3.31690778901834 3.30878618637019
1.17000108963609 1.54110645515371 1.8459898377241 2.08444565511028 2.2669383128001 2.40751503470806 2.52869129852276 2.6387902385007 2.72886039002491 2.79962783534676 2.85963136870352 2.91031426080073 2.95222003086171 2.98665689613151 3.01757468856505 3.04513803584797 3.0726474779662 3.10194011628043 3.13400908201888 3.16684565737458 3.20041537071996 3.22956089165882 3.25530264455221 3.27694777248866 3.29360494540773 3.30663526353278 3.31550796466872 3.31861036810959 3.31690778901834 3.30878618637019
1.17000108963609 1.54110645515371 1.8459898377241 2.08444565511028 2.2669383128001 2.40751503470806 2.52869129852276 2.6387902385007 2.72886039002491 2.79962783534676 2.85963136870352 2.91031426080073 2.95222003086171 2.98665689613151 3.01757468856505 3.04513803584797 3.0726474779662 3.10194011628043 3.13400908201888 3.16684565737458 3.20041537071996 3.22956089165882 3.25530264455221 3.27694777248866 3.29360494540773 3.30663526353278 3.31550796466872 3.31861036810959 3.31690778901834 3.30878618637019
1.17000108963609 1.54110645515371 1.8459898377241 2.08444565511028 2.2669383128001 2.40751503470806 2.52869129852276 2.6387902385007 2.72886039002491 2.79962783534676 2.85963136870352 2.91031426080073 2.95222003086171 2.98665689613151 3.01757468856505 3.04513803584797 3.0726474779662 3.10194011628043 3.13400908201888 3.16684565737458 3.20041537071996 3.22956089165882 3.25530264455221 3.27694777248866 3.29360494540773 3.30663526353278 3.31550796466872 3.31861036810959 3.31690778901834 3.30878618637019
1.17000108963609 1.54110645515371 1.8459898377241 2.08444565511028 2.2669383128001 2.40751503470806 2.52869129852276 2.6387902385007 2.72886039002491 2.79962783534676 2.85963136870352 2.91031426080073 2.95222003086171 2.98665689613151 3.01757468856505 3.04513803584797 3.0726474779662 3.10194011628043 3.13400908201888 3.16684565737458 3.20041537071996 3.22956089165882 3.25530264455221 3.27694777248866 3.29360494540773 3.30663526353278 3.31550796466872 3.31861036810959 3.31690778901834 3.30878618637019
1.17000108963609 1.54110645515371 1.8459898377241 2.08444565511028 2.2669383128001 2.40751503470806 2.52869129852276 2.6387902385007 2.72886039002491 2.79962783534676 2.85963136870352 2.91031426080073 2.95222003086171 2.98665689613151 3.01757468856505 3.04513803584797 3.0726474779662 3.10194011628043 3.13400908201888 3.16684565737458 3.20041537071996 3.22956089165882 3.25530264455221 3.27694777248866 3.29360494540773 3.30663526353278 3.31550796466872 3.31861036810959 3.31690778901834 3.30878618637019
1.17000108963609 1.54110645515371 1.8459898377241 2.08444565511028 2.2669383128001 2.40751503470806 2.52869129852276 2.6387902385007 2.72886039002491 2.79962783534676 2.85963136870352 2.91031426080073 2.95222003086171 2.98665689613151 3.01757468856505 3.04513803584797 3.0726474779662 3.10194011628043 3.13400908201888 3.16684565737458 3.20041537071996 3.22956089165882 3.25530264455221 3.27694777248866 3.29360494540773 3.30663526353278 3.31550796466872 3.31861036810959 3.31690778901834 3.30878618637019
1.17000108963609 1.54110645515371 1.8459898377241 2.08444565511028 2.2669383128001 2.40751503470806 2.52869129852276 2.6387902385007 2.72886039002491 2.79962783534676 2.85963136870352 2.91031426080073 2.95222003086171 2.98665689613151 3.01757468856505 3.04513803584797 3.0726474779662 3.10194011628043 3.13400908201888 3.16684565737458 3.20041537071996 3.22956089165882 3.25530264455221 3.27694777248866 3.29360494540773 3.30663526353278 3.31550796466872 3.31861036810959 3.31690778901834 3.30878618637019
1.25811484937733 1.76403205284094 2.22295436437903 2.523919156833 2.6812291490854 2.77618523266456 2.85126897040625 2.91748580111186 2.9674611393796 2.99919514657067 3.02023303348338 3.03539216936507 3.04608975546053 3.05715044987052 3.06899759067838 3.08156489631019 3.0948651367082 3.10499935151442 3.11015404091992 3.10959826045122 3.10288685439721 3.09054069559829 3.07467984182427 3.05587486946413 3.03594821203401 3.01653338698987 2.99757628001154 2.97941312257618 2.96067980185923 2.94084079345684
1.23900672029108 1.72099004761718 2.15884198928519 2.47021874119941 2.63714954697577 2.73666790304548 2.81573916314297 2.88646879336721 2.94259418416088 2.97941478734455 3.00165402772053 3.01238907057534 3.01818712757061 3.0303748045172 3.05317453792314 3.08349330686957 3.11811257446119 3.15055813605935 3.17769747636154 3.19791675794533 3.21033293256584 3.21462668916302 3.2128466637317 3.20458588622751 3.19219011366738 3.17789543731491 3.16204522357064 3.14482504440078 3.12568698812642 3.10482668809291
1.22206016693919 1.67767942090847 2.07896333481603 2.38339773682175 2.59692107767148 2.75507821142965 2.87348483608047 2.95692115399255 3.00576467897087 3.03463344791542 3.05742939552473 3.07463297856943 3.08449883056531 3.09577844011869 3.11539259341066 3.14431926118211 3.17815036124959 3.21026415406799 3.23615686186495 3.25569502333179 3.26982545411551 3.27723860411969 3.28082982254287 3.28016025805329 3.27561321433355 3.2685866158662 3.2593366064742 3.2464033483863 3.22921244767141 3.20849719903618
1.21966057931705 1.67490982856777 2.0449450707488 2.31366192330406 2.52714091811044 2.72214812958579 2.89813939835049 3.03847050569464 3.12835151837616 3.18518923773674 3.2277224287835 3.25409895749869 3.26204536061379 3.25916598821116 3.25499214494565 3.25607971244714 3.26383121905125 3.27460112871374 3.28594627249384 3.2981904117782 3.31144370976264 3.32305926168514 3.33445751298297 3.34521250968601 3.35453101617791 3.36145759894841 3.36621110283743 3.36650197738662 3.36128428234889 3.35051991140435
1.23030609409424 1.69719291817857 2.03964642465844 2.25207617783172 2.4199168501105 2.59690118988081 2.78364160157449 2.94119860771779 3.04075519557614 3.10215831330942 3.15094897832935 3.19264526487314 3.22669080776979 3.25531552820976 3.28051596316091 3.305408954716 3.32958094298922 3.34941438903528 3.3662603216808 3.38201388870554 3.39813367862766 3.41250618370237 3.42646654655813 3.43924218317761 3.44934970839362 3.45477766539718 3.45685923535794 3.45437762188784 3.44703730612376 3.43556151766482
1.27215559661235 1.81197807543757 2.18578486684965 2.37519462519826 2.51008425085747 2.65051262033005 2.81525133078942 2.96535552176607 3.06579732149065 3.12288408345446 3.16105836706563 3.18846255752417 3.20649126531937 3.21929666908967 3.22827311897555 3.23918672582291 3.24858951381328 3.25424006371314 3.25905245009954 3.26491246711518 3.27558644791143 3.28875209917162 3.30651096542639 3.32638788584328 3.34576310210563 3.35979196474826 3.36844858122649 3.37085004897301 3.36713724580572 3.35873714428726
1.26983448999126 1.80795414220552 2.22353763898815 2.48529426572552 2.63459094556465 2.74848263711724 2.88437052291992 3.01830009769535 3.11504205766424 3.17465008459263 3.21834441136299 3.25269250672525 3.2768758177122 3.29260898711412 3.29866013669235 3.30152859274664 3.29539429069583 3.2804991322974 3.26221991976694 3.24398776676839 3.23253340212639 3.22642299673207 3.2290574221446 3.23898654279145 3.25366504466193 3.26699781017282 3.27752564390444 3.28333199254155 3.28411940295273 3.28022645324485
1.25288750997281 1.75282755830395 2.1339153420981 2.38518864002366 2.53023924276063 2.63084729304459 2.74020803794808 2.85323128339769 2.94413241666342 3.01071410736386 3.07083221005349 3.12694590399378 3.17261760734628 3.20576080167026 3.22505240593344 3.23657737971468 3.23714993150269 3.22926640990001 3.2181852903841 3.20723932699567 3.20221098214979 3.20068930383293 3.20494052101569 3.2146658205961 3.22635664634045 3.2349105922379 3.23867484263852 3.23563919335234 3.22604191107776 3.20974854624482
1.24260351648605 1.72015590146055 2.05713482013767 2.27911603185898 2.4339315347281 2.54112073872792 2.6375261094834 2.73608870675107 2.82033131057819 2.88855185859767 2.95618791650849 3.02292914681689 3.08011087152247 3.12266713711349 3.15019235789632 3.16638504593695 3.17172404160596 3.1711294512039 3.17166537391763 3.17724609737595 3.19002833926879 3.20579822036609 3.22472139958694 3.24606196815631 3.26564905032666 3.27966259107113 3.28614201413082 3.28269900294024 3.27039640547973 3.24846448205397
1.23267425301499 1.70090890031785 2.0402227314089 2.27554936907612 2.45367848136924 2.57908728677112 2.68547328373307 2.79087702792915 2.88179984165945 2.95657923441541 3.02923334756051 3.09860705619772 3.15569833323347 3.19509531584955 3.22085413870344 3.23817426837193 3.24963468032161 3.2593759071249 3.27009496439604 3.28371583997203 3.30238970350062 3.32108404939488 3.33947443488896 3.35778496636678 3.37213771521918 3.37983429943225 3.37936459310436 3.36877736427438 3.34885258489844 3.3179109090683
1.21476390441851 1.65930161864627 2.00124151288019 2.23768311297571 2.39161358628997 2.48355132859858 2.56393240193316 2.65544091792208 2.74369674004258 2.81844200383375 2.8918658325649 2.96375934796013 3.02632859240056 3.07285570534358 3.10623598534167 3.12943581747147 3.14594678705705 3.16010575062385 3.17301623990868 3.18695424282397 3.20624583003154 3.22635050768288 3.24780599669158 3.27144488646549 3.2932440060949 3.31086049157218 3.32165782953556 3.32231711723373 3.31272854887061 3.28977365035178
1.19368523006644 1.62103252586153 1.96559226234412 2.22072349460406 2.41228050669473 2.53014509318468 2.60585818176462 2.6724721457409 2.73198084230917 2.7848112271372 2.84790400146369 2.91938772942926 2.98672866806672 3.03828100477488 3.07447062850436 3.09929735460678 3.12021991386584 3.14349699606972 3.16922827540714 3.19526017337681 3.22378142224781 3.2487024637137 3.26979557519901 3.28843765222795 3.30209377553432 3.3096611180957 3.30930411058105 3.29803620053273 3.27734208152891 3.24417206092134
1.16680862158186 1.56992960043964 1.91526926588193 2.17619119144713 2.37817054516487 2.52187030289541 2.6248392418829 2.69956379883481 2.75074963143353 2.7870757440728 2.83375719411586 2.89833887657627 2.97035424586922 3.03469062674443 3.08682583743547 3.1248576186524 3.15431194543002 3.18293123065272 3.21425999503462 3.24704817253236 3.2838121012488 3.31972825024294 3.35329875909015 3.38457227579425 3.41068194597141 3.43099602492466 3.44382865071255 3.44573203738994 3.4378005990093 3.41719862017915
1.13508206441153 1.51156612280433 1.85494965057982 2.12699543695146 2.3244040712395 2.45409085467193 2.54124093461302 2.588352326638 2.6068733349129 2.61342559552246 2.6357424876906 2.68421968746969 2.75055596416188 2.82084161547267 2.88914708183284 2.94711548449033 2.99775126656356 3.04751412705576 3.10022489107905 3.15302117512777 3.20718193587235 3.25721552546886 3.30240616768006 3.342617083102 3.3775243292786 3.4081448575632 3.43351673005031 3.45083728258338 3.46060776566832 3.4601408925887
1.08892945493526 1.42835688687939 1.76633543561162 2.06151795763338 2.27423595370034 2.42603904875116 2.5460368929671 2.62085355742265 2.65505698023185 2.66640721209351 2.67742608116211 2.69895069690278 2.73197916555076 2.77051074828255 2.81358672808967 2.85141655607132 2.88643308035779 2.92528902756583 2.97022678938326 3.01857510146363 3.07012897943251 3.11857391820466 3.163104780788 3.20304683237825 3.23865865999865 3.27279989982111 3.30463059462542 3.3313698754144 3.35329597379285 3.36850244638158
1.06944404651533 1.33599003096626 1.59491883120178 1.83143678213001 2.02672805349655 2.20183431181199 2.37024467328375 2.50970247268722 2.5960190028561 2.63702517244235 2.65825411722643 2.67475004048954 2.6981062136235 2.7301890757761 2.77157604197176 2.81138216516821 2.8506180333018 2.8948758662236 2.94653810922933 3.00182205993064 3.06062309200574 3.1144609711186 3.16225244587687 3.20315718823365 3.23679661179992 3.26702629868028 3.29319488529193 3.31232823455263 3.32505896149024 3.33058867220809
1.07146467336628 1.31411107808567 1.51704571439814 1.69758246027949 1.86463557935996 2.03235277058773 2.19891004893176 2.35043920614182 2.46818763910445 2.55063517141769 2.6109818459445 2.65687671794108 2.69910393547403 2.73771651108716 2.77713424541685 2.8126635778751 2.85038506365822 2.89704844726754 2.95427137207992 3.01566309619647 3.08054456756987 3.13857521911585 3.18935013019345 3.23345177300473 3.27027096761586 3.30498510215706 3.33639333300355 3.36194232693838 3.3810263788629 3.39284986717985
1.12606866249175 1.43897205790415 1.70087996923945 1.92654614870729 2.1007709347823 2.24650999122021 2.38056429727663 2.50679053793872 2.61438002861917 2.69239913858765 2.74409761081963 2.7772416966306 2.80607633498088 2.83439339360917 2.8654825056433 2.89538603205957 2.93040984031585 2.97535840844694 3.03009405572808 3.08653946381647 3.14318185636505 3.18931835321735 3.22533248855374 3.2536881894302 3.27458488505055 3.29490044090214 3.31444908375444 3.3309952531175 3.34409971547289 3.35279491860728
1.12711582217175 1.44252411285666 1.72007655108939 1.96423574267814 2.1380507742705 2.26612939324233 2.39502878175746 2.53638750014908 2.66578061756867 2.75899251401608 2.81285335460857 2.84066882063765 2.86193672010738 2.88360473396262 2.90846701198007 2.93033333692715 2.95692732986905 2.99035684754645 3.0324280884208 3.07570002630863 3.11861620409911 3.15382417391662 3.18276555328256 3.20820411717069 3.22975694193024 3.25252873732911 3.2752089748261 3.29358005073183 3.30728293053178 3.31417508110625
1.1117507103431 1.41089002146817 1.70248564159616 1.99569996027747 2.22822428796167 2.37576654001143 2.48690158374646 2.60949484043691 2.73476604531247 2.83490840331776 2.89502089003916 2.9218081375543 2.93223055102431 2.93387935177077 2.93535487345948 2.93718016259645 2.95370586980474 2.98457877050017 3.03052264078127 3.08249266328937 3.13560633012667 3.18066608948699 3.21934899608824 3.25221604052521 3.27992583314988 3.3071275245601 3.33339441812027 3.35472062227229 3.37083950801147 3.3792252338112
1.07594107432145 1.32311239297013 1.57287664244646 1.85076297354496 2.0932308271307 2.24686957551973 2.34534553971404 2.45386514540712 2.57816715727591 2.69398217911972 2.78174381737992 2.8407576804006 2.88225116898539 2.91240646610627 2.93977397564959 2.96194895850467 2.99046404339946 3.02699411122871 3.07445432530544 3.12624780122775 3.1782121329595 3.22157381758075 3.25902123889638 3.29030684868061 3.31757732485577 3.345494132027 3.37383359688142 3.39802798847261 3.41772766780177 3.42929854388526
1.11958126059528 1.37887157716474 1.61073105129045 1.87840577175145 2.1337015922728 2.30329964455749 2.39976872041805 2.48656095262422 2.5761915461694 2.65934282314439 2.72381146027293 2.7684843630791 2.80094680429173 2.82830306392196 2.85806576502657 2.8846240935553 2.9152113473526 2.95117938926378 2.99438486589413 3.04023834002391 3.08469093467103 3.1200030163663 3.15018647825917 3.17471846613405 3.19679424017322 3.22251621176917 3.25202045132573 3.28098923936925 3.30927015507516 3.33204846098836
1.12299778039322 1.37105309439329 1.57117110497235 1.77688979666268 2.00434854903293 2.20234656266776 2.35325827501293 2.48190038359616 2.59780525776397 2.70328035812664 2.79064881401123 2.85366549737375 2.89435723128257 2.92216341055036 2.94860159695352 2.97319134952114 3.00223666792113 3.03870271569399 3.08162361740394 3.1269026932186 3.17041259693706 3.20455989855562 3.23221404027167 3.25126308452248 3.26344930576918 3.27479151755952 3.2860795749769 3.29539915458315 3.30506044652033 3.31141781211231
1.11175334448185 1.31731118705531 1.50013025111439 1.70208513441701 1.90198051803458 2.08669696161075 2.24659467663529 2.39139013908018 2.52119319372366 2.64102570432257 2.74625598821462 2.82663986599884 2.88138015629692 2.9182895357927 2.94969226057612 2.9791823901421 3.01371620364613 3.05731069738201 3.10805800059253 3.16177210297953 3.2137744917209 3.2571252974506 3.29312088762574 3.31857157072612 3.33361375519955 3.34385553320955 3.35024564877003 3.35307861491058 3.35650673850153 3.35652284318727
1.12661419985918 1.34479780651954 1.50186386533289 1.67375247571948 1.85811808072911 2.02616225673825 2.17199038180039 2.31126665553755 2.44506375931153 2.57856971005028 2.70468612736618 2.80793522028701 2.88398955240216 2.93869429501024 2.98443991299515 3.02579095637105 3.06903815852703 3.1169748509788 3.16797256462332 3.21929695352788 3.2683030019635 3.30996968257458 3.34505452696397 3.37001495577926 3.38361879006879 3.38993623798817 3.38913861238458 3.38339073408384 3.3780895911592 3.36977872047423
1.15804910371491 1.43228465115781 1.61051344496707 1.74023362754208 1.8673833058473 1.98363782742621 2.08650928504593 2.19232834281914 2.30043365599482 2.42100484231213 2.54666187481521 2.65924540849562 2.751236969373 2.82559777318645 2.89199209199048 2.95429317464034 3.0178291274479 3.08342186013352 3.14947989865352 3.21370179299711 3.27398258959953 3.32621966483541 3.3702878145285 3.40154861220264 3.41745227053765 3.42084189994302 3.41115903654286 3.39265403393551 3.37195995124932 3.34662470076191
1.13067569041041 1.38114067813897 1.54969784023442 1.67567395278316 1.78457528236126 1.87857223102477 1.97253788890239 2.07613001711883 2.18085543352287 2.29465345354472 2.41469134090693 2.52695964225393 2.62307278226133 2.70410476239456 2.77756506006954 2.84790979512377 2.91924453417041 2.99189591930811 3.06402851309934 3.13308104983352 3.19674543816198 3.25055912149034 3.29384039221817 3.32136739045372 3.33008605971984 3.32223812510427 3.29847539141626 3.26426245611788 3.22736491360445 3.18678086269635
1.14737757226528 1.42807798227331 1.62187768722177 1.76014080413103 1.86794986106589 1.95251966009738 2.02960605568318 2.1099901577273 2.18978339819208 2.27645574733877 2.36912016862491 2.45829175019948 2.53796109444725 2.6084986475492 2.67484547663494 2.73998544882449 2.80680034725534 2.87558549995928 2.94505037975905 3.01326874961026 3.07836602811851 3.13679548108314 3.18754821438654 3.2262996763946 3.25005986229085 3.25962838244755 3.2548419950718 3.23924072717474 3.21849366459075 3.1921499097297
