47.1431453014964 51.915891126386 55.7112449323046 58.1534442325651 59.9137367753702 61.1848573299591 62.2579621858386 63.1694469629197 64.0170341568025 64.6502792118769 65.2284135723472 65.7509880671923 66.0749345234855 66.5686966469317 66.8349497948595 66.9648231768223 67.2834608574064 67.5685498601295 67.8902860934528 68.086316942985 68.2613525039825 68.4045892166862 68.6393200861875 68.7431680192534 68.8696539099695 68.8779663793597 68.9234980975416 68.8885336549509 68.8893213908898 68.8126080979405
47.1431453014964 51.915891126386 55.7112449323046 58.1534442325651 59.9137367753702 61.1848573299591 62.2579621858386 63.1694469629197 64.0170341568025 64.6502792118769 65.2284135723472 65.7509880671923 66.0749345234855 66.5686966469317 66.8349497948595 66.9648231768223 67.2834608574064 67.5685498601295 67.8902860934528 68.086316942985 68.2613525039825 68.4045892166862 68.6393200861875 68.7431680192534 68.8696539099695 68.8779663793597 68.9234980975416 68.8885336549509 68.8893213908898 68.8126080979405
47.1431453014964 51.915891126386 55.7112449323046 58.1534442325651 59.9137367753702 61.1848573299591 62.2579621858386 63.1694469629197 64.0170341568025 64.6502792118769 65.2284135723472 65.7509880671923 66.0749345234855 66.5686966469317 66.8349497948595 66.9648231768223 67.2834608574064 67.5685498601295 67.8902860934528 68.086316942985 68.2613525039825 68.4045892166862 68.6393200861875 68.7431680192534 68.8696539099695 68.8779663793597 68.9234980975416 68.8885336549509 68.8893213908898 68.8126080979405
47.1431453014964 51.915891126386 55.7112449323046 58.1534442325651 59.9137367753702 61.1848573299591 62.2579621858386 63.1694469629197 64.0170341568025 64.6502792118769 65.2284135723472 65.7509880671923 66.0749345234855 66.5686966469317 66.8349497948595 66.9648231768223 67.2834608574064 67.5685498601295 67.8902860934528 68.086316942985 68.2613525039825 68.4045892166862 68.6393200861875 68.7431680192534 68.8696539099695 68.8779663793597 68.9234980975416 68.8885336549509 68.8893213908898 68.8126080979405
47.1431453014964 51.915891126386 55.7112449323046 58.1534442325651 59.9137367753702 61.1848573299591 62.2579621858386 63.1694469629197 64.0170341568025 64.6502792118769 65.2284135723472 65.7509880671923 66.0749345234855 66.5686966469317 66.8349497948595 66.9648231768223 67.2834608574064 67.5685498601295 67.8902860934528 68.086316942985 68.2613525039825 68.4045892166862 68.6393200861875 68.7431680192534 68.8696539099695 68.8779663793597 68.9234980975416 68.8885336549509 68.8893213908898 68.8126080979405
47.1431453014964 51.915891126386 55.7112449323046 58.1534442325651 59.9137367753702 61.1848573299591 62.2579621858386 63.1694469629197 64.0170341568025 64.6502792118769 65.2284135723472 65.7509880671923 66.0749345234855 66.5686966469317 66.8349497948595 66.9648231768223 67.2834608574064 67.5685498601295 67.8902860934528 68.086316942985 68.2613525039825 68.4045892166862 68.6393200861875 68.7431680192534 68.8696539099695 68.8779663793597 68.9234980975416 68.8885336549509 68.8893213908898 68.8126080979405
47.1431453014964 51.915891126386 55.7112449323046 58.1534442325651 59.9137367753702 61.1848573299591 62.2579621858386 63.1694469629197 64.0170341568025 64.6502792118769 65.2284135723472 65.7509880671923 66.0749345234855 66.5686966469317 66.8349497948595 66.9648231768223 67.2834608574064 67.5685498601295 67.8902860934528 68.086316942985 68.2613525039825 68.4045892166862 68.6393200861875 68.7431680192534 68.8696539099695 68.8779663793597 68.9234980975416 68.8885336549509 68.8893213908898 68.8126080979405
47.1431453014964 51.915891126386 55.7112449323046 58.1534442325651 59.9137367753702 61.1848573299591 62.2579621858386 63.1694469629197 64.0170341568025 64.6502792118769 65.2284135723472 65.7509880671923 66.0749345234855 66.5686966469317 66.8349497948595 66.9648231768223 67.2834608574064 67.5685498601295 67.8902860934528 68.086316942985 68.2613525039825 68.4045892166862 68.6393200861875 68.7431680192534 68.8696539099695 68.8779663793597 68.9234980975416 68.8885336549509 68.8893213908898 68.8126080979405
47.1431453014964 51.915891126386 55.7112449323046 58.1534442325651 59.9137367753702 61.1848573299591 62.2579621858386 63.1694469629197 64.0170341568025 64.6502792118769 65.2284135723472 65.7509880671923 66.0749345234855 66.5686966469317 66.8349497948595 66.9648231768223 67.2834608574064 67.5685498601295 67.8902860934528 68.086316942985 68.2613525039825 68.4045892166862 68.6393200861875 68.7431680192534 68.8696539099695 68.8779663793597 68.9234980975416 68.8885336549509 68.8893213908898 68.8126080979405
47.1431453014964 51.915891126386 55.7112449323046 58.1534442325651 59.9137367753702 61.1848573299591 62.2579621858386 63.1694469629197 64.0170341568025 64.6502792118769 65.2284135723472 65.7509880671923 66.0749345234855 66.5686966469317 66.8349497948595 66.9648231768223 67.2834608574064 67.5685498601295 67.8902860934528 68.086316942985 68.2613525039825 68.4045892166862 68.6393200861875 68.7431680192534 68.8696539099695 68.8779663793597 68.9234980975416 68.8885336549509 68.8893213908898 68.8126080979405
47.1431453014964 51.915891126386 55.7112449323046 58.1534442325651 59.9137367753702 61.1848573299591 62.2579621858386 63.1694469629197 64.0170341568025 64.6502792118769 65.2284135723472 65.7509880671923 66.0749345234855 66.5686966469317 66.8349497948595 66.9648231768223 67.2834608574064 67.5685498601295 67.8902860934528 68.086316942985 68.2613525039825 68.4045892166862 68.6393200861875 68.7431680192534 68.8696539099695 68.8779663793597 68.9234980975416 68.8885336549509 68.8893213908898 68.8126080979405
47.1431453014964 51.915891126386 55.7112449323046 58.1534442325651 59.9137367753702 61.1848573299591 62.2579621858386 63.1694469629197 64.0170341568025 64.6502792118769 65.2284135723472 65.7509880671923 66.0749345234855 66.5686966469317 66.8349497948595 66.9648231768223 67.2834608574064 67.5685498601295 67.8902860934528 68.086316942985 68.2613525039825 68.4045892166862 68.6393200861875 68.7431680192534 68.8696539099695 68.8779663793597 68.9234980975416 68.8885336549509 68.8893213908898 68.8126080979405
47.1431453014964 51.915891126386 55.7112449323046 58.1534442325651 59.9137367753702 61.1848573299591 62.2579621858386 63.1694469629197 64.0170341568025 64.6502792118769 65.2284135723472 65.7509880671923 66.0749345234855 66.5686966469317 66.8349497948595 66.9648231768223 67.2834608574064 67.5685498601295 67.8902860934528 68.086316942985 68.2613525039825 68.4045892166862 68.6393200861875 68.7431680192534 68.8696539099695 68.8779663793597 68.9234980975416 68.8885336549509 68.8893213908898 68.8126080979405
47.1431453014964 51.915891126386 55.7112449323046 58.1534442325651 59.9137367753702 61.1848573299591 62.2579621858386 63.1694469629197 64.0170341568025 64.6502792118769 65.2284135723472 65.7509880671923 66.0749345234855 66.5686966469317 66.8349497948595 66.9648231768223 67.2834608574064 67.5685498601295 67.8902860934528 68.086316942985 68.2613525039825 68.4045892166862 68.6393200861875 68.7431680192534 68.8696539099695 68.8779663793597 68.9234980975416 68.8885336549509 68.8893213908898 68.8126080979405
47.1431453014964 51.915891126386 55.7112449323046 58.1534442325651 59.9137367753702 61.1848573299591 62.2579621858386 63.1694469629197 64.0170341568025 64.6502792118769 65.2284135723472 65.7509880671923 66.0749345234855 66.5686966469317 66.8349497948595 66.9648231768223 67.2834608574064 67.5685498601295 67.8902860934528 68.086316942985 68.2613525039825 68.4045892166862 68.6393200861875 68.7431680192534 68.8696539099695 68.8779663793597 68.9234980975416 68.8885336549509 68.8893213908898 68.8126080979405
47.1431453014964 51.915891126386 55.7112449323046 58.1534442325651 59.9137367753702 61.1848573299591 62.2579621858386 63.1694469629197 64.0170341568025 64.6502792118769 65.2284135723472 65.7509880671923 66.0749345234855 66.5686966469317 66.8349497948595 66.9648231768223 67.2834608574064 67.5685498601295 67.8902860934528 68.086316942985 68.2613525039825 68.4045892166862 68.6393200861875 68.7431680192534 68.8696539099695 68.8779663793597 68.9234980975416 68.8885336549509 68.8893213908898 68.8126080979405
47.1431453014964 51.915891126386 55.7112449323046 58.1534442325651 59.9137367753702 61.1848573299591 62.2579621858386 63.1694469629197 64.0170341568025 64.6502792118769 65.2284135723472 65.7509880671923 66.0749345234855 66.5686966469317 66.8349497948595 66.9648231768223 67.2834608574064 67.5685498601295 67.8902860934528 68.086316942985 68.2613525039825 68.4045892166862 68.6393200861875 68.7431680192534 68.8696539099695 68.8779663793597 68.9234980975416 68.8885336549509 68.8893213908898 68.8126080979405
47.1431453014964 51.915891126386 55.7112449323046 58.1534442325651 59.9137367753702 61.1848573299591 62.2579621858386 63.1694469629197 64.0170341568025 64.6502792118769 65.2284135723472 65.7509880671923 66.0749345234855 66.5686966469317 66.8349497948595 66.9648231768223 67.2834608574064 67.5685498601295 67.8902860934528 68.086316942985 68.2613525039825 68.4045892166862 68.6393200861875 68.7431680192534 68.8696539099695 68.8779663793597 68.9234980975416 68.8885336549509 68.8893213908898 68.8126080979405
47.1431453014964 51.915891126386 55.7112449323046 58.1534442325651 59.9137367753702 61.1848573299591 62.2579621858386 63.1694469629197 64.0170341568025 64.6502792118769 65.2284135723472 65.7509880671923 66.0749345234855 66.5686966469317 66.8349497948595 66.9648231768223 67.2834608574064 67.5685498601295 67.8902860934528 68.086316942985 68.2613525039825 68.4045892166862 68.6393200861875 68.7431680192534 68.8696539099695 68.8779663793597 68.9234980975416 68.8885336549509 68.8893213908898 68.8126080979405
47.1431453014964 51.915891126386 55.7112449323046 58.1534442325651 59.9137367753702 61.1848573299591 62.2579621858386 63.1694469629197 64.0170341568025 64.6502792118769 65.2284135723472 65.7509880671923 66.0749345234855 66.5686966469317 66.8349497948595 66.9648231768223 67.2834608574064 67.5685498601295 67.8902860934528 68.086316942985 68.2613525039825 68.4045892166862 68.6393200861875 68.7431680192534 68.8696539099695 68.8779663793597 68.9234980975416 68.8885336549509 68.8893213908898 68.8126080979405
47.1431453014964 51.915891126386 55.7112449323046 58.1534442325651 59.9137367753702 61.1848573299591 62.2579621858386 63.1694469629197 64.0170341568025 64.6502792118769 65.2284135723472 65.7509880671923 66.0749345234855 66.5686966469317 66.8349497948595 66.9648231768223 67.2834608574064 67.5685498601295 67.8902860934528 68.086316942985 68.2613525039825 68.4045892166862 68.6393200861875 68.7431680192534 68.8696539099695 68.8779663793597 68.9234980975416 68.8885336549509 68.8893213908898 68.8126080979405
47.1431453014964 51.915891126386 55.7112449323046 58.1534442325651 59.9137367753702 61.1848573299591 62.2579621858386 63.1694469629197 64.0170341568025 64.6502792118769 65.2284135723472 65.7509880671923 66.0749345234855 66.5686966469317 66.8349497948595 66.9648231768223 67.2834608574064 67.5685498601295 67.8902860934528 68.086316942985 68.2613525039825 68.4045892166862 68.6393200861875 68.7431680192534 68.8696539099695 68.8779663793597 68.9234980975416 68.8885336549509 68.8893213908898 68.8126080979405
47.1431453014964 51.915891126386 55.7112449323046 58.1534442325651 59.9137367753702 61.1848573299591 62.2579621858386 63.1694469629197 64.0170341568025 64.6502792118769 65.2284135723472 65.7509880671923 66.0749345234855 66.5686966469317 66.8349497948595 66.9648231768223 67.2834608574064 67.5685498601295 67.8902860934528 68.086316942985 68.2613525039825 68.4045892166862 68.6393200861875 68.7431680192534 68.8696539099695 68.8779663793597 68.9234980975416 68.8885336549509 68.8893213908898 68.8126080979405
47.1431453014964 51.915891126386 55.7112449323046 58.1534442325651 59.9137367753702 61.1848573299591 62.2579621858386 63.1694469629197 64.0170341568025 64.6502792118769 65.2284135723472 65.7509880671923 66.0749345234855 66.5686966469317 66.8349497948595 66.9648231768223 67.2834608574064 67.5685498601295 67.8902860934528 68.086316942985 68.2613525039825 68.4045892166862 68.6393200861875 68.7431680192534 68.8696539099695 68.8779663793597 68.9234980975416 68.8885336549509 68.8893213908898 68.8126080979405
47.1431453014964 51.915891126386 55.7112449323046 58.1534442325651 59.9137367753702 61.1848573299591 62.2579621858386 63.1694469629197 64.0170341568025 64.6502792118769 65.2284135723472 65.7509880671923 66.0749345234855 66.5686966469317 66.8349497948595 66.9648231768223 67.2834608574064 67.5685498601295 67.8902860934528 68.086316942985 68.2613525039825 68.4045892166862 68.6393200861875 68.7431680192534 68.8696539099695 68.8779663793597 68.9234980975416 68.8885336549509 68.8893213908898 68.8126080979405
47.1431453014964 51.915891126386 55.7112449323046 58.1534442325651 59.9137367753702 61.1848573299591 62.2579621858386 63.1694469629197 64.0170341568025 64.6502792118769 65.2284135723472 65.7509880671923 66.0749345234855 66.5686966469317 66.8349497948595 66.9648231768223 67.2834608574064 67.5685498601295 67.8902860934528 68.086316942985 68.2613525039825 68.4045892166862 68.6393200861875 68.7431680192534 68.8696539099695 68.8779663793597 68.9234980975416 68.8885336549509 68.8893213908898 68.8126080979405
47.1431453014964 51.915891126386 55.7112449323046 58.1534442325651 59.9137367753702 61.1848573299591 62.2579621858386 63.1694469629197 64.0170341568025 64.6502792118769 65.2284135723472 65.7509880671923 66.0749345234855 66.5686966469317 66.8349497948595 66.9648231768223 67.2834608574064 67.5685498601295 67.8902860934528 68.086316942985 68.2613525039825 68.4045892166862 68.6393200861875 68.7431680192534 68.8696539099695 68.8779663793597 68.9234980975416 68.8885336549509 68.8893213908898 68.8126080979405
47.1431453014964 51.915891126386 55.7112449323046 58.1534442325651 59.9137367753702 61.1848573299591 62.2579621858386 63.1694469629197 64.0170341568025 64.6502792118769 65.2284135723472 65.7509880671923 66.0749345234855 66.5686966469317 66.8349497948595 66.9648231768223 67.2834608574064 67.5685498601295 67.8902860934528 68.086316942985 68.2613525039825 68.4045892166862 68.6393200861875 68.7431680192534 68.8696539099695 68.8779663793597 68.9234980975416 68.8885336549509 68.8893213908898 68.8126080979405
47.1431453014964 51.915891126386 55.7112449323046 58.1534442325651 59.9137367753702 61.1848573299591 62.2579621858386 63.1694469629197 64.0170341568025 64.6502792118769 65.2284135723472 65.7509880671923 66.0749345234855 66.5686966469317 66.8349497948595 66.9648231768223 67.2834608574064 67.5685498601295 67.8902860934528 68.086316942985 68.2613525039825 68.4045892166862 68.6393200861875 68.7431680192534 68.8696539099695 68.8779663793597 68.9234980975416 68.8885336549509 68.8893213908898 68.8126080979405
47.1431453014964 51.915891126386 55.7112449323046 58.1534442325651 59.9137367753702 61.1848573299591 62.2579621858386 63.1694469629197 64.0170341568025 64.6502792118769 65.2284135723472 65.7509880671923 66.0749345234855 66.5686966469317 66.8349497948595 66.9648231768223 67.2834608574064 67.5685498601295 67.8902860934528 68.086316942985 68.2613525039825 68.4045892166862 68.6393200861875 68.7431680192534 68.8696539099695 68.8779663793597 68.9234980975416 68.8885336549509 68.8893213908898 68.8126080979405
47.1431453014964 51.915891126386 55.7112449323046 58.1534442325651 59.9137367753702 61.1848573299591 62.2579621858386 63.1694469629197 64.0170341568025 64.6502792118769 65.2284135723472 65.7509880671923 66.0749345234855 66.5686966469317 66.8349497948595 66.9648231768223 67.2834608574064 67.5685498601295 67.8902860934528 68.086316942985 68.2613525039825 68.4045892166862 68.6393200861875 68.7431680192534 68.8696539099695 68.8779663793597 68.9234980975416 68.8885336549509 68.8893213908898 68.8126080979405
47.1431453014964 51.915891126386 55.7112449323046 58.1534442325651 59.9137367753702 61.1848573299591 62.2579621858386 63.1694469629197 64.0170341568025 64.6502792118769 65.2284135723472 65.7509880671923 66.0749345234855 66.5686966469317 66.8349497948595 66.9648231768223 67.2834608574064 67.5685498601295 67.8902860934528 68.086316942985 68.2613525039825 68.4045892166862 68.6393200861875 68.7431680192534 68.8696539099695 68.8779663793597 68.9234980975416 68.8885336549509 68.8893213908898 68.8126080979405
47.1431453014964 51.915891126386 55.7112449323046 58.1534442325651 59.9137367753702 61.1848573299591 62.2579621858386 63.1694469629197 64.0170341568025 64.6502792118769 65.2284135723472 65.7509880671923 66.0749345234855 66.5686966469317 66.8349497948595 66.9648231768223 67.2834608574064 67.5685498601295 67.8902860934528 68.086316942985 68.2613525039825 68.4045892166862 68.6393200861875 68.7431680192534 68.8696539099695 68.8779663793597 68.9234980975416 68.8885336549509 68.8893213908898 68.8126080979405
47.1431453014964 51.915891126386 55.7112449323046 58.1534442325651 59.9137367753702 61.1848573299591 62.2579621858386 63.1694469629197 64.0170341568025 64.6502792118769 65.2284135723472 65.7509880671923 66.0749345234855 66.5686966469317 66.8349497948595 66.9648231768223 67.2834608574064 67.5685498601295 67.8902860934528 68.086316942985 68.2613525039825 68.4045892166862 68.6393200861875 68.7431680192534 68.8696539099695 68.8779663793597 68.9234980975416 68.8885336549509 68.8893213908898 68.8126080979405
47.1431453014964 51.915891126386 55.7112449323046 58.1534442325651 59.9137367753702 61.1848573299591 62.2579621858386 63.1694469629197 64.0170341568025 64.6502792118769 65.2284135723472 65.7509880671923 66.0749345234855 66.5686966469317 66.8349497948595 66.9648231768223 67.2834608574064 67.5685498601295 67.8902860934528 68.086316942985 68.2613525039825 68.4045892166862 68.6393200861875 68.7431680192534 68.8696539099695 68.8779663793597 68.9234980975416 68.8885336549509 68.8893213908898 68.8126080979405
47.1431453014964 51.915891126386 55.7112449323046 58.1534442325651 59.9137367753702 61.1848573299591 62.2579621858386 63.1694469629197 64.0170341568025 64.6502792118769 65.2284135723472 65.7509880671923 66.0749345234855 66.5686966469317 66.8349497948595 66.9648231768223 67.2834608574064 67.5685498601295 67.8902860934528 68.086316942985 68.2613525039825 68.4045892166862 68.6393200861875 68.7431680192534 68.8696539099695 68.8779663793597 68.9234980975416 68.8885336549509 68.8893213908898 68.8126080979405
48.1208017006793 54.3745856406571 59.2985751173042 61.3309906298455 61.942863311821 63.0157548152696 63.9834021794758 65.3572360676263 65.9083129241441 66.02580905227 66.190823918772 66.6209496915081 66.65002565104 67.0698196229155 67.3146862356618 67.324875625143 67.6694507329619 67.7535086409121 68.0457991429414 67.7963364034553 67.2626446796015 66.8276311255588 66.7765401656478 66.7358886596216 66.8109132901545 66.7365861650248 67.037273902672 66.9201301261712 66.8187474629045 66.692708422251
47.5959482061991 53.3291596109336 58.4954064987411 61.3360543118517 62.4916563367116 63.2915877267625 63.8714428069438 65.0637134342088 66.0622087187003 66.493573609896 66.5482584020225 66.6335320268822 65.9625581111109 66.639018153638 67.1986070464899 67.5393641450208 67.9073849485843 67.9070141215224 68.3302943050973 68.1725950436976 67.980753110266 67.9288887389346 67.8878813238134 67.9393388503633 67.9017734418914 67.2596696518953 67.3363027316521 67.2303563556504 67.4135587127439 67.4805323083156
47.5355622566416 52.5847713580805 56.8998411506879 60.1414554031583 61.9995604424423 63.369449603676 64.2142158757678 65.0249898967465 65.9833410257 66.2876446602142 66.6916948842388 66.952866613948 66.2869017901169 66.5335380586455 66.8299986271967 67.3490275838273 67.8382908350016 67.9691767538575 68.2168751381086 68.0005622449845 67.8706970763341 67.9909445247152 67.8760808751649 67.9685507934208 68.2256903302795 67.7616115697095 67.7039301776353 67.5798503669374 67.5083994926823 67.1773691383635
47.862001963558 53.3528833932363 56.8835827967812 59.1955028953744 61.4521894474604 63.2929010475785 64.3040564095314 64.9289704879756 65.8094974512555 66.7815745382276 67.0780385173986 67.0202108841272 67.148974840448 67.7075274783881 67.4516583466825 67.3050222919512 67.5677497941132 67.4731911875025 68.2311719589518 68.275258385953 68.2344874865191 68.1164662259614 68.0463810337071 68.1373712257041 68.5181919125501 68.3881545782702 68.350863731878 68.3734570580011 68.4211824537644 68.4039582313441
47.1932892302816 52.4168382716326 56.2791968165711 58.7918943504236 60.2613224486218 62.4221433451754 64.0162409056806 64.410250477202 65.0281055459093 65.5974095976381 65.9115948023213 66.653870678899 66.9218682185705 67.5607105066787 67.3842684398231 67.600991117433 68.0608183240022 67.7241143152112 68.2812105870263 68.3942337219727 68.3614963668203 68.6955282380039 68.8207717703041 68.8453734007918 69.1062215683104 68.8404222433971 68.6524787114252 68.669855108132 68.6239072827056 68.6793267712006
47.0992344931676 52.5149227841919 57.3446199673822 59.8498096633676 61.2167190200431 63.2552015689875 64.7168392255399 65.2960002531823 65.9977529057452 66.4782233035675 66.3301762375689 66.5730060707494 66.9477060953826 67.0027188821603 67.2345975060315 67.4175483651353 68.0083119640772 67.5306908009365 67.7563713645582 67.6455604199128 67.5947069740336 67.8805247385008 68.022334868576 68.4732119159379 68.8027107963332 68.9266505536717 68.7489674827217 68.6491877517197 68.2249320005797 67.646386797023
46.7938291993418 51.496070193668 56.4590304420684 60.1315336905635 61.4831619309485 63.1034588874835 64.5867877738286 64.8772758134194 66.079456141495 66.363007130496 66.6496753786522 67.0266407706025 67.2339689325996 67.1711150094228 67.6314851397436 67.9136348963018 68.3244394333224 68.2576738922948 68.2016238613111 67.9688103726002 67.7751475932466 67.3539666713954 67.6147671787591 67.8820901270662 68.0920143261403 68.1112108285749 68.0938648251712 68.1897763759801 68.1355024650626 68.038271603835
47.3547917024485 52.4073468599599 56.8853372926459 60.4348463445341 61.2507593477253 62.5219947693407 63.5304152428923 64.1786544192829 65.0413784168385 65.7308899411353 66.5039561864713 66.969565199583 67.3362123403999 67.4272726448684 67.4334652081082 67.4939766878789 67.8769177594399 68.1999561422908 67.7702816466973 67.4185727077377 67.6870763274956 67.7511520602641 68.2324789075529 68.3293371761874 68.2956099830691 68.2608085974915 68.1828629467082 68.284692898316 68.0886034106642 68.1726572008791
47.4538256585163 52.4376860483115 55.8536746396173 58.8097815791355 60.6170261326118 61.9239850079054 62.9307582016496 63.4556137611827 64.311141553118 65.275014321712 66.0514917681445 66.8171830554147 67.487737334461 68.2085510235042 68.0281752120812 67.7997138549793 67.9646557925933 68.1625066218093 67.9090155562701 67.5796488608969 67.7610588303387 68.0788217430073 68.6505013634393 68.8128932679236 68.829394065873 68.6172615728688 68.4852944364522 68.4060930067569 68.0828610618131 67.8532683996784
47.736693233821 53.0739654853804 56.8399409599558 59.6948967829124 61.5206686198587 62.7771160258186 64.1114667723956 65.055628685327 65.7921255210886 66.0631360203328 66.9294935546156 67.7936300899664 68.0764057981139 68.5351111952704 68.7077534922738 68.4515709282073 68.6343239886346 68.8156479611617 68.7081093885986 68.6890446598543 68.8413513473926 69.0190036803709 69.2409794589214 69.1554092623214 69.2758839390371 69.07609329704 68.825126343524 68.707089070022 68.4073765223671 68.064995308595
47.7340626661869 52.5163814697314 56.3892412651183 58.9256027473069 60.3790897447152 61.1216324491217 62.2679140265742 63.2953673484391 64.4706262131098 65.1021179355279 65.7791155059046 66.9048426207328 67.2498584174919 67.5394625056705 68.0582702033036 67.8795038823964 68.1790137162277 68.1596748570713 67.8985211424595 67.6822034578875 67.8319514284009 68.3543112922618 68.7081028547873 68.7596495483308 68.9722932446239 69.1308914425167 69.1261108140715 68.9907500343991 68.8694573719656 68.5655153775805
47.6104954587874 52.4674263333216 56.0178114269041 58.7907730281354 61.027602573863 61.6831982369042 62.406814845884 63.0492195575317 63.8297304413031 64.3605278246206 65.1962436146094 66.8273669528437 67.3372976031512 67.5341176506118 67.9171556651681 67.7729127963887 68.0656048010356 68.1812392036039 68.1202820452093 68.0614928018974 68.365132217551 68.7844848104074 69.1098600165945 69.2162227911082 69.4229011843255 69.4847662077714 69.3666657025548 68.9120934772556 68.5754437288645 68.1841479987617
47.6377001307983 52.2825149089307 56.5424378855658 58.6537895372621 60.9303745816407 61.7543410388305 62.5567382327238 63.1290674641069 63.8119672043438 63.812279040849 64.4307646560274 65.5431509624266 66.3713201343666 67.0349091498073 67.3653648834883 67.6112000154299 67.8899620356632 68.2795809776372 68.105548860529 68.0553473229491 68.2915133037422 68.8074892171468 69.8145903954056 69.8166830613482 69.7955626264065 69.8277263535276 69.9503049045894 69.6482143370311 69.5990861835882 69.6064380670812
47.5185333622779 52.4224418016974 56.9450914267286 59.0525801920751 60.8481209994905 61.7271244591024 62.6168080805263 62.823435638503 62.9360495196995 63.2027141711432 64.3211273907661 64.5176511814364 65.1583096468354 66.0545929863773 66.2396019554346 66.5842880681746 67.1109374915584 67.50017197121 67.7641975119175 68.1734132822867 68.5410547410598 68.8198583875223 69.8957376834649 70.0940494785926 69.7482062314731 69.5314169342399 70.1729876588585 69.81983755246 69.9492683219881 70.1525334686587
46.8445047204893 51.3192734841442 55.5552569871538 58.1421121247618 59.8178213403895 61.2231826315224 62.5924124603296 62.8023266060355 63.2853261784089 63.4601051258262 64.0587914286903 64.1521254937004 64.8754989731698 65.3130203610777 65.6059829973904 66.214120731404 66.2076346147868 66.5319265617498 67.1065991446403 67.7124273204639 67.8497550738009 67.8920643275411 68.7575142172955 69.0319864210739 68.805674193837 68.7067311938358 68.89437216161 68.877864226774 69.1837837470942 69.5282137166736
46.6256558088954 50.3208822623448 53.7646915921214 56.4777727994642 58.5398977051038 60.1609432536191 61.8143646091767 63.2226843822447 63.3659933737243 63.8357264616333 64.0171901919156 63.7924900677413 64.3130524630232 65.1314374983456 65.5461261853954 66.2741949750118 66.6180584129218 66.9096381489752 67.4525602613328 68.1696877072924 68.5561749215668 68.5812762417787 69.1261069638614 69.5695636908563 69.3761109929041 69.4203027942652 69.465843460419 69.1570880981948 68.9637397522235 68.7712916363479
46.5237607000521 50.0570099964234 53.1359630759121 54.6598185797838 56.9908283993179 58.8785871207705 60.2382600220827 62.0341572196294 62.6397876719127 63.2130419494154 63.7491844937872 64.0911031354604 64.7136897731951 65.432416715504 65.7449511077605 65.9425521318312 66.3571592042179 67.0682380365471 67.5833359592197 68.1415497378488 68.4276670516838 68.6512253063444 68.6499936092606 68.8969114214175 69.0681581162744 69.5240377520071 69.6323186840223 69.7613416661375 69.7836010132173 69.5732999703945
47.2218745311054 51.8691297634779 54.9447051199996 56.981605114141 58.9083248879241 60.3020425713513 61.1834819756919 62.7853438604522 63.6106525973894 64.0813723911476 64.515089457152 64.650978615133 64.8886858020738 65.8040460874574 65.7984895604518 65.8093636958693 66.48177269946 67.2817466094188 67.9017564263111 68.5712345404614 69.1934023979053 69.5540903536149 69.2485505124386 69.1611237466934 69.2530947764597 69.3395053672986 69.332158900069 69.3313831379035 69.2472677804973 68.5651065850087
47.2792115524685 52.0300777245375 55.6624568497546 57.2531504905002 58.5975320008541 59.5790134382357 61.0603896578832 63.2243056804796 64.2836000838547 64.3285649813388 64.9286339865611 64.4228894617886 64.857320884798 65.8456927974659 65.8203219880992 66.1489632195886 66.7086495673329 67.3975037784381 67.7116434796253 68.0367803765533 68.197579030832 68.2679677500457 68.1134271358798 68.5477580013907 69.034802822823 69.476840989212 69.5478565783096 69.470019419974 69.260284380377 68.7329059488947
47.1610543610871 51.4364732301774 55.1506987866349 57.2360517893652 59.5408439167055 60.428437451394 61.0215053634605 62.8346955799273 64.3928150582442 64.7499087283553 65.321100584886 65.5347412379473 65.8118958564819 65.9653159326635 65.8508762153768 66.0455637954232 66.3718956383943 67.0014472849038 67.4916808359703 67.9208804284084 68.2273652466321 68.4049309874923 68.5101539607728 68.7144980011814 69.2346604604534 69.8524988208715 70.0423809015902 70.0587963497704 70.1947367272349 69.7541151233421
47.1663606345648 51.2669828785369 54.4552622101448 56.8685690610411 58.9309132313215 60.0074010571678 60.4394077884533 61.4575034998135 63.0215284314354 63.9150358541454 64.7457878817483 65.4757412637192 65.8804939510008 66.1376146173036 66.7116454451374 66.6298181277203 66.5689102597767 67.2392094949272 68.0384708812283 68.3945437375897 68.696095944562 68.8096542050317 68.8037204711382 68.9943462813363 69.237666343023 69.5960036538754 69.8836048743474 70.129906872285 70.4029102613736 70.5944183926542
47.0760971274221 52.0179069869995 55.0770967872745 57.9406766320823 60.3807193007887 61.3248367806615 61.8065032185848 62.451678290401 63.3305764279702 64.1377087755067 64.7915270176957 65.1333488187112 65.5842236174166 66.0054225894445 66.4217790657315 66.4263926111401 66.3965359895934 67.185664835446 67.7968800312609 68.4219248973017 68.8887668144211 68.6394789943678 68.4455006711998 68.3564221583432 68.6707249927122 68.9604130410766 69.2499685438035 69.537403450717 69.6351248605507 69.9442041385691
46.1677330904786 51.2289258878012 54.3912098969955 56.3843713284209 58.8520070515216 60.65214285675 61.6360665745123 62.170403003358 63.4041144278583 64.0853145485111 64.6885367906641 65.510685792182 66.1174058176083 66.7239182953052 66.9839543818206 66.7473322925728 66.6796880207269 66.9610062937317 67.5683277037843 68.2403674783414 68.5562896928137 68.708673714362 68.8788370365383 68.7335661457661 68.857505854968 68.9139092732621 69.0451031618145 69.2321287908247 69.360544667698 69.0848452488726
46.1596207670147 50.1653795692087 53.7169231747141 56.6929912031615 58.2569267662479 59.8333246720257 61.2032345804012 61.9270720117417 62.9183775864292 64.0839469648627 64.7573254714826 65.6420735023105 65.8073487142021 66.3232445114177 66.658384059607 66.4767401709226 66.6985116020129 67.1407725694004 67.7170269499215 68.3331365684074 68.5777273934478 68.7716175541628 68.9483857367373 68.836721246359 68.8778480227967 68.8882470437297 68.9600539075017 69.1516850401332 69.4645898324791 69.5811091431739
46.4533586319066 50.758544394682 52.7582638977768 55.6844712338796 57.7527179573912 58.9925130456406 60.0246688284205 61.1644058117055 62.3066015575095 64.0041175465051 64.7059991190339 65.7370288218098 65.9445673762433 66.4042804142142 67.0653868064594 67.0897454919252 67.3674067186027 67.6230560086695 68.0018077631938 68.2906506091214 68.5627073921402 68.8657266189924 69.1810669726949 68.9941862996436 68.9847097709332 68.88361563328 68.7851498199903 68.8708043757451 69.4336056786312 69.9703670284406
46.831898939087 51.783746103831 54.7538929371444 55.4601863557441 57.4208159005778 58.1008758818888 59.2131867537516 59.9056905616278 60.9699972503472 62.5492660124724 63.6156557409539 64.6703021096348 64.9889163259752 65.6817037645827 66.1894403469293 66.472366935513 66.9070586447667 67.4158824161621 67.9688481037633 68.3795627945787 68.6536047039893 68.8678062250379 69.1466079213023 69.1881834995003 69.2951867997717 69.2029802747053 69.0719591658758 69.0374533472906 69.2650518687069 69.7671222992491
46.1070230131272 49.7977339705245 53.7034041705258 55.2217064109653 56.2604295388969 57.2479581659118 58.6175966054793 59.6493781866807 59.8688580061325 61.5395082333249 62.6598894712911 63.6087026949325 64.0709876648307 64.5682310144162 65.3512183395615 65.7294413370121 66.1923001601631 66.6806067381046 67.3594844732971 67.8047315781417 68.2703104609291 68.5003251177062 68.7547692218049 68.8742000475628 68.987145481753 68.9867364092941 68.9906441043546 68.9931503890912 69.0981105122476 69.3553103192053
46.7478530697483 50.8561142784789 54.2718698221835 56.2217866880429 57.4446788431885 58.3123114207654 59.192729927369 59.9115824109498 60.2335245357015 61.117668692502 61.9187068191642 62.6911184775999 63.260222856014 63.7906831554812 64.4257569880171 64.9062700129048 65.3871544490463 65.8686267685153 66.436066743343 66.9269620719098 67.4130792309499 67.7847228910329 68.1261912722143 68.3800923894716 68.591682240567 68.721913976582 68.815594274871 68.8820795864901 68.9773089387653 69.1465003759418
