# Number of years age comps: nyrs_srv1age
6
# Fishery age comps years
1981 1985 1987 1989 1991 1993
# Number of samples: nsamples_srv1_age(1,nyrs_srv1age)
2 3 5 8 5 8
# Male obs prop:
0.00966183574879227 0.154589371980676 0.241545893719807 0.0531400966183575 0 0.0144927536231884 0.00966183574879227 0.0193236714975845 0.0193236714975845 0.0338164251207729 0.0338164251207729 0.0434782608695652 0.0338164251207729 0.0338164251207729 0.0241545893719807 0.0483091787439614 0.0289855072463768 0.0193236714975845 0.0193236714975845 0.0144927536231884 0.0144927536231884 0.00966183574879227 0.0289855072463768 0 0.0144927536231884 0.00483091787439614 0.00966183574879227 0.00483091787439614 0.00483091787439614 0.0531400966183575
0.0287769784172662 0.0935251798561151 0.172661870503597 0.113309352517986 0.0773381294964029 0.0467625899280576 0.22841726618705 0.0107913669064748 0.00899280575539568 0.0143884892086331 0.0215827338129496 0.0143884892086331 0.00539568345323741 0.00899280575539568 0.00719424460431655 0.00899280575539568 0.0161870503597122 0.00899280575539568 0.00719424460431655 0.0161870503597122 0.00719424460431655 0.00359712230215827 0.00899280575539568 0 0.00899280575539568 0.00899280575539568 0.00719424460431655 0.00719424460431655 0.00359712230215827 0.0341726618705036
0.0148148148148148 0.111111111111111 0.0962962962962963 0.0518518518518519 0.122222222222222 0.0925925925925926 0.0648148148148148 0.0592592592592593 0.111111111111111 0.0388888888888889 0.0425925925925926 0.0277777777777778 0.0185185185185185 0.00740740740740741 0.0166666666666667 0.00925925925925926 0.0148148148148148 0.00925925925925926 0.00555555555555556 0.0037037037037037 0.0037037037037037 0.00185185185185185 0.00740740740740741 0.00555555555555556 0.00925925925925926 0.0037037037037037 0.00185185185185185 0.00185185185185185 0.012962962962963 0.0333333333333333
0.00451467268623025 0.0214446952595937 0.054176072234763 0.0699774266365688 0.0688487584650113 0.0440180586907449 0.0756207674943567 0.0575620767494357 0.0801354401805869 0.0846501128668172 0.0733634311512415 0.0553047404063205 0.0496613995485327 0.0349887133182844 0.0146726862302483 0.0158013544018059 0.0169300225733634 0.0101580135440181 0.0135440180586907 0.0090293453724605 0.00677200902934537 0.00677200902934537 0.00790067720090293 0.00677200902934537 0.0135440180586907 0.0112866817155756 0.0112866817155756 0.00790067720090293 0.00790067720090293 0.0654627539503386
0.00337837837837838 0.097972972972973 0.125 0.10472972972973 0.0472972972972973 0.0709459459459459 0.0574324324324324 0.0574324324324324 0.0641891891891892 0.0675675675675676 0.0777027027027027 0.0405405405405405 0.0439189189189189 0.0202702702702703 0.0168918918918919 0.0101351351351351 0 0.00675675675675676 0.0135135135135135 0.00337837837837838 0.0135135135135135 0.00675675675675676 0.00337837837837838 0 0.0101351351351351 0.00675675675675676 0.0101351351351351 0.00337837837837838 0 0.0168918918918919
0.0573426573426573 0.117482517482517 0.117482517482517 0.0965034965034965 0.0657342657342657 0.0195804195804196 0.0251748251748252 0.0363636363636364 0.0433566433566434 0.0335664335664336 0.0405594405594406 0.041958041958042 0.0629370629370629 0.0307692307692308 0.0363636363636364 0.020979020979021 0.0181818181818182 0.0111888111888112 0.00559440559440559 0.00979020979020979 0.0027972027972028 0.0041958041958042 0.00699300699300699 0.00559440559440559 0.00839160839160839 0.00559440559440559 0.00699300699300699 0.00699300699300699 0.0027972027972028 0.0587412587412587
# Females obs prop:
0.0106007067137809 0.109540636042403 0.187279151943463 0.0742049469964664 0.00706713780918728 0.0282685512367491 0.0141342756183746 0.0212014134275618 0.0247349823321555 0.0212014134275618 0.0424028268551237 0.0247349823321555 0.0424028268551237 0.0353356890459364 0.0318021201413428 0.0424028268551237 0.0530035335689046 0.00706713780918728 0.0318021201413428 0.0141342756183746 0.00706713780918728 0.0141342756183746 0.0212014134275618 0.00706713780918728 0.00706713780918728 0.0106007067137809 0.00353356890459364 0.0141342756183746 0.00706713780918728 0.0848056537102474
0.02710027100271 0.0555555555555556 0.127371273712737 0.0989159891598916 0.0609756097560976 0.0663956639566396 0.304878048780488 0.0230352303523035 0.0230352303523035 0.00542005420054201 0.00677506775067751 0.013550135501355 0.00677506775067751 0.0121951219512195 0.010840108401084 0.00677506775067751 0.00542005420054201 0.00813008130081301 0.002710027100271 0.00948509485094851 0.00813008130081301 0.010840108401084 0.00813008130081301 0.00677506775067751 0.00542005420054201 0.00677506775067751 0.002710027100271 0.010840108401084 0.00542005420054201 0.0596205962059621
0.0232558139534884 0.0917312661498708 0.0968992248062016 0.0465116279069767 0.104651162790698 0.082687338501292 0.08656330749354 0.0633074935400517 0.151162790697674 0.0465116279069767 0.0426356589147287 0.0271317829457364 0.0258397932816537 0.0116279069767442 0.00775193798449612 0.00516795865633075 0.0103359173126615 0.00516795865633075 0.00645994832041344 0.00258397932816537 0.00387596899224806 0.00387596899224806 0.00258397932816537 0.00387596899224806 0.00129198966408269 0.00516795865633075 0.00516795865633075 0.00129198966408269 0.00258397932816537 0.0322997416020672
0.000791139240506329 0.0189873417721519 0.0617088607594937 0.067246835443038 0.0656645569620253 0.0490506329113924 0.0846518987341772 0.0791139240506329 0.0814873417721519 0.071993670886076 0.0806962025316456 0.0403481012658228 0.0379746835443038 0.0332278481012658 0.0229430379746835 0.0150316455696203 0.0142405063291139 0.00791139240506329 0.00632911392405063 0.00632911392405063 0.00791139240506329 0.0118670886075949 0.00395569620253165 0.00474683544303797 0.00949367088607595 0.0102848101265823 0.00949367088607595 0.00712025316455696 0.0055379746835443 0.0838607594936709
0.00199600798403194 0.0558882235528942 0.0758483033932136 0.0798403193612774 0.0499001996007984 0.111776447105788 0.0798403193612774 0.0798403193612774 0.0818363273453094 0.063872255489022 0.0818363273453094 0.0459081836327345 0.0558882235528942 0.0279441117764471 0.0199600798403194 0.00998003992015968 0.0139720558882236 0.00598802395209581 0.00399201596806387 0.00199600798403194 0.00199600798403194 0.00399201596806387 0.00798403193612774 0.00598802395209581 0 0.00798403193612774 0.00399201596806387 0.00399201596806387 0.00199600798403194 0.0139720558882236
0.0538384845463609 0.119641076769691 0.122632103688933 0.0827517447657029 0.0498504486540379 0.0408773678963111 0.0528414755732802 0.0448654037886341 0.0538384845463609 0.0448654037886341 0.0458624127617149 0.0488534396809571 0.0358923230309073 0.0428713858424726 0.028913260219342 0.0239282153539382 0.0139581256231306 0.0109670987038883 0.0069790628115653 0.00897308075772682 0.00398803589232303 0.00199401794616152 0.00299102691924227 0.00199401794616152 0.00498504486540379 0.00498504486540379 0.00299102691924227 0.00199401794616152 0.00199401794616152 0.0388833499501496
#: #!
