# Number of years age comps: nyrs_fishage
24
# Fishery age comps years
1999 2000 2001 2002 2003 2004 2005 2006 2007 2008 2009 2010 2011 2012 2013 2014 2015 2016 2017 2018 2019 2020 2021 2022
# Number of samples: nsamples_fish_age(1,nyrs_fish_age)
28 28 27 27 28 28 28 29 27 27 27 26 27 27 27 27 27 26 24 25 25 23 26 25
# Observed male prop:
0.00201612903225806 0.032258064516129 0.129032258064516 0.100806451612903 0.0846774193548387 0.0645161290322581 0.0725806451612903 0.0524193548387097 0.0504032258064516 0.0504032258064516 0.032258064516129 0.0282258064516129 0.0483870967741935 0.0282258064516129 0.032258064516129 0.0201612903225806 0.0181451612903226 0.00604838709677419 0.0120967741935484 0.0181451612903226 0.0100806451612903 0.0100806451612903 0.00806451612903226 0.00403225806451613 0.0100806451612903 0.0120967741935484 0.0100806451612903 0.00201612903225806 0.00403225806451613 0.0463709677419355
0 0.0286806883365201 0.101338432122371 0.137667304015296 0.0822179732313576 0.0707456978967495 0.0458891013384321 0.0630975143403442 0.0420650095602294 0.0382409177820268 0.0458891013384321 0.0458891013384321 0.0363288718929254 0.0382409177820268 0.0210325047801147 0.0267686424474187 0.0133843212237094 0.0152963671128107 0.0133843212237094 0.00382409177820268 0 0.0363288718929254 0 0.00573613766730402 0.00382409177820268 0.00764818355640535 0.00764818355640535 0.00764818355640535 0.00382409177820268 0.0573613766730402
0.00630252100840336 0.0147058823529412 0.111344537815126 0.0756302521008403 0.130252100840336 0.0777310924369748 0.0756302521008403 0.0546218487394958 0.0504201680672269 0.0315126050420168 0.0336134453781513 0.0420168067226891 0.0399159663865546 0.0126050420168067 0.0252100840336134 0.023109243697479 0.023109243697479 0.0189075630252101 0.0189075630252101 0.0105042016806723 0.00840336134453781 0.0105042016806723 0.00840336134453781 0 0.0126050420168067 0.00840336134453781 0.00630252100840336 0.00420168067226891 0.00630252100840336 0.0588235294117647
0.00384615384615385 0.0134615384615385 0.0769230769230769 0.157692307692308 0.126923076923077 0.0980769230769231 0.0634615384615385 0.0326923076923077 0.0346153846153846 0.0384615384615385 0.0403846153846154 0.0269230769230769 0.0192307692307692 0.0326923076923077 0.0230769230769231 0.0153846153846154 0.0288461538461538 0.00769230769230769 0.0153846153846154 0.0153846153846154 0.00961538461538462 0.00961538461538462 0.00384615384615385 0.00769230769230769 0.0115384615384615 0.0134615384615385 0.00192307692307692 0.00384615384615385 0.00576923076923077 0.0615384615384615
0.0111940298507463 0.0503731343283582 0.0727611940298507 0.238805970149254 0.182835820895522 0.102611940298507 0.0597014925373134 0.0373134328358209 0.0205223880597015 0.0242537313432836 0.0167910447761194 0.0130597014925373 0.0149253731343284 0.0167910447761194 0.0149253731343284 0.00559701492537313 0.00746268656716418 0.00932835820895522 0.0111940298507463 0.0111940298507463 0.00559701492537313 0.00186567164179104 0.00746268656716418 0.00932835820895522 0.00186567164179104 0.00373134328358209 0.00559701492537313 0.00559701492537313 0.00186567164179104 0.0354477611940298
0.00408997955010225 0.0449897750511247 0.112474437627812 0.188139059304703 0.214723926380368 0.118609406952965 0.0531697341513292 0.0306748466257669 0.0245398773006135 0.0102249488752556 0.0143149284253579 0.0184049079754601 0.0122699386503067 0.0122699386503067 0.0122699386503067 0.0102249488752556 0.0102249488752556 0.0081799591002045 0.00613496932515337 0.0081799591002045 0.0081799591002045 0.0081799591002045 0.00408997955010225 0.00613496932515337 0.00408997955010225 0.00613496932515337 0.00613496932515337 0 0.00408997955010225 0.0388548057259714
0 0.0106837606837607 0.0897435897435897 0.247863247863248 0.232905982905983 0.126068376068376 0.0662393162393162 0.0405982905982906 0.0235042735042735 0.014957264957265 0.0106837606837607 0.0170940170940171 0.00641025641025641 0.0192307692307692 0.0192307692307692 0.0106837606837607 0.00427350427350427 0.00213675213675214 0.00213675213675214 0.0106837606837607 0.0106837606837607 0.00427350427350427 0.00641025641025641 0 0.00213675213675214 0 0.00213675213675214 0 0.00427350427350427 0.014957264957265
0.00173913043478261 0.0243478260869565 0.0539130434782609 0.133913043478261 0.184347826086957 0.182608695652174 0.0991304347826087 0.0452173913043478 0.0452173913043478 0.0382608695652174 0.0295652173913043 0.0139130434782609 0.0104347826086957 0.00869565217391304 0.0104347826086957 0.0139130434782609 0 0.00869565217391304 0.0104347826086957 0.0104347826086957 0.00347826086956522 0.00869565217391304 0.0104347826086957 0.00347826086956522 0.00347826086956522 0.00521739130434783 0.0104347826086957 0.00347826086956522 0.00347826086956522 0.0226086956521739
0.00408163265306122 0.0204081632653061 0.0448979591836735 0.0897959183673469 0.185714285714286 0.163265306122449 0.126530612244898 0.0816326530612245 0.0408163265306122 0.026530612244898 0.0224489795918367 0.0285714285714286 0.0163265306122449 0.00204081632653061 0.0142857142857143 0.0163265306122449 0.0204081632653061 0.00204081632653061 0.00408163265306122 0.00204081632653061 0.0102040816326531 0.0142857142857143 0.00408163265306122 0.00816326530612245 0.00204081632653061 0.00408163265306122 0.00204081632653061 0.00408163265306122 0.00816326530612245 0.0306122448979592
0 0.0135135135135135 0.0482625482625483 0.0810810810810811 0.129343629343629 0.104247104247104 0.115830115830116 0.0907335907335907 0.0617760617760618 0.0424710424710425 0.0405405405405405 0.0193050193050193 0.0212355212355212 0.0250965250965251 0.0154440154440154 0.027027027027027 0.027027027027027 0.00965250965250965 0.00772200772200772 0.0135135135135135 0.00579150579150579 0.00579150579150579 0.00965250965250965 0.0135135135135135 0.00965250965250965 0.00386100386100386 0.00386100386100386 0 0.00193050193050193 0.0521235521235521
0.0019723865877712 0.0177514792899408 0.0788954635108481 0.0887573964497041 0.0670611439842209 0.116370808678501 0.0867850098619329 0.0848126232741617 0.0591715976331361 0.0591715976331361 0.0276134122287968 0.0315581854043393 0.0276134122287968 0.0276134122287968 0.00394477317554241 0.0216962524654832 0.0118343195266272 0.0118343195266272 0.0216962524654832 0.0138067061143984 0.00591715976331361 0.00788954635108481 0.00788954635108481 0.0138067061143984 0.00788954635108481 0.00986193293885602 0.00788954635108481 0.0019723865877712 0.0019723865877712 0.0749506903353057
0.0155945419103314 0.01364522417154 0.0779727095516569 0.0721247563352826 0.0818713450292398 0.0779727095516569 0.0916179337231969 0.0701754385964912 0.0545808966861598 0.0760233918128655 0.0428849902534113 0.0409356725146199 0.0292397660818713 0.0233918128654971 0.0233918128654971 0.01364522417154 0.0272904483430799 0.0155945419103314 0.0175438596491228 0.00779727095516569 0.0155945419103314 0.0116959064327485 0.00194931773879142 0.00974658869395711 0.00584795321637427 0.00194931773879142 0.00779727095516569 0.00194931773879142 0.00974658869395711 0.0604288499025341
0 0.0364238410596026 0.0513245033112583 0.0910596026490066 0.0860927152317881 0.0596026490066225 0.0711920529801325 0.0463576158940397 0.0596026490066225 0.0612582781456954 0.0579470198675497 0.0562913907284768 0.0579470198675497 0.0198675496688742 0.0231788079470199 0.0198675496688742 0.0165562913907285 0.00662251655629139 0.0182119205298013 0.0132450331125828 0.0115894039735099 0.00993377483443709 0.00993377483443709 0.0149006622516556 0.0033112582781457 0.0132450331125828 0.00993377483443709 0.00496688741721854 0.0132450331125828 0.0562913907284768
0.00194931773879142 0.0565302144249513 0.101364522417154 0.113060428849903 0.0779727095516569 0.037037037037037 0.0350877192982456 0.0448343079922027 0.0584795321637427 0.0584795321637427 0.0311890838206628 0.037037037037037 0.0253411306042885 0.0272904483430799 0.0194931773879142 0.0253411306042885 0.0233918128654971 0.01364522417154 0.0116959064327485 0.01364522417154 0.0116959064327485 0.00974658869395711 0.0155945419103314 0.00584795321637427 0.0116959064327485 0.00194931773879142 0.00194931773879142 0.00194931773879142 0.0116959064327485 0.115009746588694
0 0.00186915887850467 0.0149532710280374 0.0560747663551402 0.0635514018691589 0.0504672897196262 0.0523364485981308 0.0467289719626168 0.0504672897196262 0.0392523364485981 0.0429906542056075 0.0429906542056075 0.0429906542056075 0.0448598130841121 0.0429906542056075 0.0261682242990654 0.0242990654205607 0.0149532710280374 0.0186915887850467 0.0205607476635514 0.00373831775700935 0.0261682242990654 0.0130841121495327 0.0149532710280374 0.011214953271028 0.011214953271028 0.00373831775700935 0.00747663551401869 0.0186915887850467 0.192523364485981
0 0 0.0268336314847943 0.0715563506261181 0.0983899821109123 0.0912343470483005 0.0572450805008945 0.0322003577817531 0.0536672629695885 0.0393559928443649 0.035778175313059 0.0536672629695885 0.035778175313059 0.0393559928443649 0.0286225402504472 0.0286225402504472 0.0161001788908766 0.0107334525939177 0.0214669051878354 0.0196779964221825 0.0178890876565295 0.0161001788908766 0.00715563506261181 0.0125223613595707 0.0125223613595707 0.0125223613595707 0.0107334525939177 0.0107334525939177 0.00894454382826476 0.130590339892665
0.0133779264214047 0.0117056856187291 0.0250836120401338 0.0468227424749164 0.0668896321070234 0.11371237458194 0.0953177257525084 0.0652173913043478 0.0434782608695652 0.0367892976588629 0.0551839464882943 0.0418060200668896 0.0250836120401338 0.0418060200668896 0.0150501672240803 0.0250836120401338 0.0217391304347826 0.0167224080267559 0.0167224080267559 0.0217391304347826 0.00501672240802676 0.0183946488294314 0.0183946488294314 0.0117056856187291 0.0100334448160535 0.00668896321070234 0.00668896321070234 0.00334448160535117 0.00836120401337793 0.112040133779264
0.0434782608695652 0.0670289855072464 0.0615942028985507 0.0579710144927536 0.0778985507246377 0.0905797101449275 0.088768115942029 0.0652173913043478 0.0307971014492754 0.0344202898550725 0.0344202898550725 0.0307971014492754 0.0235507246376812 0.0380434782608696 0.0271739130434783 0.0271739130434783 0.0126811594202899 0.00905797101449275 0.0235507246376812 0.0144927536231884 0.0036231884057971 0.00905797101449275 0.00543478260869565 0.0126811594202899 0.0072463768115942 0.0072463768115942 0.00543478260869565 0.0036231884057971 0.0036231884057971 0.0833333333333333
0.0363288718929254 0.334608030592734 0.0650095602294455 0.0726577437858509 0.0650095602294455 0.0478011472275335 0.0420650095602294 0.0497131931166348 0.0363288718929254 0.0286806883365201 0.017208413001912 0.0210325047801147 0.011472275334608 0.0210325047801147 0.00956022944550669 0.0229445506692161 0.0191204588910134 0.00573613766730402 0.00382409177820268 0.00764818355640535 0.0133843212237094 0.00573613766730402 0.00764818355640535 0.00573613766730402 0.00382409177820268 0.00573613766730402 0.00764818355640535 0.00382409177820268 0.00191204588910134 0.0267686424474187
0.0930656934306569 0.237226277372263 0.164233576642336 0.0675182481751825 0.0383211678832117 0.031021897810219 0.0273722627737226 0.0291970802919708 0.0255474452554745 0.0237226277372263 0.0273722627737226 0.0255474452554745 0.0218978102189781 0.0237226277372263 0.00912408759124088 0.00547445255474453 0.00912408759124088 0.00912408759124088 0.0109489051094891 0.0072992700729927 0.00547445255474453 0 0.00547445255474453 0.0164233576642336 0.00912408759124088 0.0072992700729927 0.00547445255474453 0.00547445255474453 0.00547445255474453 0.0529197080291971
0.0235294117647059 0.227450980392157 0.176470588235294 0.127450980392157 0.0549019607843137 0.0372549019607843 0.0294117647058824 0.0313725490196078 0.0235294117647059 0.0196078431372549 0.0235294117647059 0.0156862745098039 0.0176470588235294 0.0196078431372549 0.00980392156862745 0.0196078431372549 0.00784313725490196 0.0137254901960784 0.0137254901960784 0.00784313725490196 0.00784313725490196 0.0117647058823529 0.00784313725490196 0.00588235294117647 0.00784313725490196 0.00588235294117647 0.00196078431372549 0.00392156862745098 0.00196078431372549 0.0450980392156863
0.0087527352297593 0.269146608315098 0.330415754923414 0.12035010940919 0.0919037199124726 0.0284463894967177 0.00437636761487965 0.0109409190371991 0.0153172866520788 0.00656455142231947 0.00656455142231947 0.00656455142231947 0.0087527352297593 0.0087527352297593 0.00437636761487965 0.0087527352297593 0 0 0.00656455142231947 0.00656455142231947 0.0087527352297593 0.00437636761487965 0.00218818380743982 0.00218818380743982 0.00656455142231947 0.00437636761487965 0.00218818380743982 0 0.00218818380743982 0.0240700218818381
0.00806451612903226 0.110887096774194 0.282258064516129 0.350806451612903 0.112903225806452 0.0504032258064516 0.0241935483870968 0.00604838709677419 0.00403225806451613 0.00403225806451613 0.00201612903225806 0 0.00604838709677419 0.00403225806451613 0 0.00604838709677419 0.00403225806451613 0 0 0 0.00201612903225806 0.00403225806451613 0 0.00201612903225806 0.00201612903225806 0 0 0.00201612903225806 0 0.0120967741935484
0.00202429149797571 0.0384615384615385 0.121457489878543 0.238866396761134 0.307692307692308 0.159919028340081 0.0607287449392713 0.0263157894736842 0.0121457489878543 0.0101214574898785 0.00202429149797571 0.00404858299595142 0 0.00202429149797571 0.00202429149797571 0.00202429149797571 0 0.00404858299595142 0 0 0 0 0 0 0.00202429149797571 0.00202429149797571 0 0 0 0.00202429149797571
# Observed female prop:
0 0.0496124031007752 0.128682170542636 0.134883720930233 0.0728682170542636 0.0914728682170543 0.0728682170542636 0.048062015503876 0.0589147286821705 0.0387596899224806 0.0232558139534884 0.0248062015503876 0.0232558139534884 0.0294573643410853 0.0217054263565891 0.0170542635658915 0.0294573643410853 0.0170542635658915 0.0062015503875969 0.00465116279069767 0.0062015503875969 0.0062015503875969 0.0124031007751938 0.00155038759689922 0.0062015503875969 0.00155038759689922 0 0.013953488372093 0.00775193798449612 0.0511627906976744
0.0032 0.0272 0.0864 0.1456 0.1072 0.0656 0.0672 0.0736 0.0512 0.0464 0.048 0.04 0.024 0.0256 0.0224 0.0208 0.0144 0.0112 0.0112 0.0048 0 0.0288 0.0032 0.0016 0.008 0.0064 0.0016 0.0048 0.0048 0.0448
0.00379506641366224 0.0246679316888046 0.115749525616698 0.0967741935483871 0.157495256166983 0.123339658444023 0.0588235294117647 0.0569259962049336 0.047438330170778 0.0360531309297913 0.0189753320683112 0.0265654648956357 0.0208728652751423 0.0303605313092979 0.0265654648956357 0.0227703984819734 0.0132827324478178 0.0132827324478178 0.0113851992409867 0.0094876660341556 0.0094876660341556 0.00759013282732448 0.00569259962049336 0.00569259962049336 0.00189753320683112 0 0.0094876660341556 0.00569259962049336 0.00189753320683112 0.0379506641366224
0.00556586270871985 0.012987012987013 0.0797773654916512 0.196660482374768 0.14100185528757 0.126159554730983 0.0890538033395176 0.0408163265306122 0.0333951762523191 0.0371057513914657 0.0204081632653061 0.0204081632653061 0.0185528756957328 0.0222634508348794 0.012987012987013 0.012987012987013 0.00371057513914657 0.0111317254174397 0.00556586270871985 0.00371057513914657 0.00742115027829314 0.00185528756957328 0.00927643784786642 0.00742115027829314 0.00742115027829314 0.00185528756957328 0.00185528756957328 0.00742115027829314 0.00185528756957328 0.0593692022263451
0.00770416024653313 0.061633281972265 0.0909090909090909 0.220338983050847 0.238828967642527 0.0893682588597843 0.073959938366718 0.0231124807395994 0.0184899845916795 0.00770416024653313 0.00924499229583975 0.0138674884437596 0.00924499229583975 0.0169491525423729 0.00770416024653313 0.0154083204930663 0.00770416024653313 0.00770416024653313 0.0154083204930663 0.0061633281972265 0.00154083204930663 0 0.0061633281972265 0.00308166409861325 0.00154083204930663 0 0 0.00154083204930663 0 0.0446841294298921
0.00152439024390244 0.0304878048780488 0.189024390243902 0.158536585365854 0.219512195121951 0.173780487804878 0.0579268292682927 0.038109756097561 0.0228658536585366 0.0167682926829268 0.00609756097560976 0.00457317073170732 0.00609756097560976 0.013719512195122 0.00457317073170732 0.0076219512195122 0.00609756097560976 0.00152439024390244 0.00152439024390244 0 0.00609756097560976 0.00609756097560976 0.00457317073170732 0.00304878048780488 0 0.00152439024390244 0 0.00152439024390244 0.00304878048780488 0.013719512195122
0 0.00619195046439629 0.0773993808049536 0.238390092879257 0.243034055727554 0.179566563467492 0.0789473684210526 0.0510835913312693 0.0201238390092879 0.00928792569659443 0.0185758513931889 0.00619195046439629 0.00464396284829721 0.00464396284829721 0.00464396284829721 0.00309597523219814 0 0.00464396284829721 0.00309597523219814 0.00464396284829721 0.00309597523219814 0.00154798761609907 0 0.00309597523219814 0.00464396284829721 0.00464396284829721 0.00154798761609907 0.00309597523219814 0 0.0201238390092879
0.00172711571675302 0.0103626943005181 0.0535405872193437 0.155440414507772 0.236614853195164 0.179620034542314 0.105354058721934 0.0673575129533679 0.0362694300518135 0.0120898100172712 0.0172711571675302 0.0172711571675302 0.00690846286701209 0.00690846286701209 0.00518134715025907 0.00863557858376511 0.00172711571675302 0.00690846286701209 0.00863557858376511 0.00690846286701209 0.00518134715025907 0.00518134715025907 0.00690846286701209 0.00690846286701209 0.00518134715025907 0.00172711571675302 0.00172711571675302 0.00345423143350604 0.00518134715025907 0.0138169257340242
0.0016 0.0176 0.0704 0.0896 0.192 0.1952 0.1312 0.0832 0.0544 0.0352 0.016 0.0144 0.0016 0.0096 0.0144 0.0048 0.008 0.0064 0.0048 0.0016 0.0064 0.0064 0.0064 0.0032 0 0.0032 0.0016 0.0016 0 0.0192
0.00154798761609907 0.0154798761609907 0.0386996904024768 0.0990712074303406 0.103715170278638 0.153250773993808 0.160990712074303 0.0928792569659443 0.0681114551083591 0.043343653250774 0.0356037151702786 0.0309597523219814 0.0139318885448916 0.0108359133126935 0.0154798761609907 0.0154798761609907 0.00619195046439629 0.00309597523219814 0.00773993808049536 0.0108359133126935 0.00154798761609907 0.00464396284829721 0 0.00619195046439629 0.00309597523219814 0.00773993808049536 0.00619195046439629 0.00309597523219814 0.00309597523219814 0.0371517027863777
0 0.0274636510500808 0.0468497576736672 0.0872374798061389 0.124394184168013 0.143780290791599 0.113085621970921 0.135702746365105 0.0726978998384491 0.0403877221324717 0.0468497576736672 0.0323101777059774 0.012924071082391 0.0113085621970921 0.00807754442649435 0.00484652665589661 0.00807754442649435 0.00484652665589661 0.00807754442649435 0.0113085621970921 0 0.00323101777059774 0.00484652665589661 0.00323101777059774 0.00969305331179321 0.00161550888529887 0.00484652665589661 0.00323101777059774 0.00484652665589661 0.024232633279483
0.00928792569659443 0.0325077399380805 0.0727554179566563 0.0835913312693498 0.0804953560371517 0.10061919504644 0.108359133126935 0.102167182662539 0.0681114551083591 0.0789473684210526 0.0417956656346749 0.0371517027863777 0.0263157894736842 0.0123839009287926 0.0185758513931889 0.0154798761609907 0.0139318885448916 0.00928792569659443 0.00154798761609907 0.00309597523219814 0 0.00464396284829721 0.00619195046439629 0.00154798761609907 0.00619195046439629 0.00309597523219814 0.00309597523219814 0 0.00464396284829721 0.0541795665634675
0.00170648464163823 0.0614334470989761 0.0819112627986348 0.126279863481229 0.107508532423208 0.083617747440273 0.0597269624573379 0.0648464163822526 0.0614334470989761 0.0511945392491468 0.0426621160409556 0.037542662116041 0.0307167235494881 0.0221843003412969 0.0255972696245734 0.0102389078498294 0.0102389078498294 0.0068259385665529 0.00853242320819113 0.0068259385665529 0.00853242320819113 0.0068259385665529 0.00853242320819113 0 0.00170648464163823 0.00511945392491468 0.00170648464163823 0.0068259385665529 0.0068259385665529 0.052901023890785
0.00460122699386503 0.058282208588957 0.125766871165644 0.105828220858896 0.0950920245398773 0.0690184049079755 0.044478527607362 0.0429447852760736 0.0628834355828221 0.0659509202453988 0.053680981595092 0.0337423312883436 0.0291411042944785 0.0184049079754601 0.0168711656441718 0.0168711656441718 0.0107361963190184 0.00920245398773006 0.0122699386503067 0.0122699386503067 0.00460122699386503 0.00306748466257669 0.00613496932515337 0.00306748466257669 0.00306748466257669 0.00460122699386503 0.0107361963190184 0.00153374233128834 0.00153374233128834 0.0736196319018405
0 0.0144694533762058 0.0321543408360129 0.0610932475884244 0.0755627009646302 0.0948553054662379 0.0707395498392283 0.0498392282958199 0.0337620578778135 0.0369774919614148 0.0321543408360129 0.0385852090032154 0.0369774919614148 0.0289389067524116 0.0337620578778135 0.0321543408360129 0.0112540192926045 0.0128617363344051 0.0176848874598071 0.00643086816720257 0.00964630225080386 0.00160771704180064 0.0112540192926045 0.00803858520900321 0.00482315112540193 0.0128617363344051 0.00643086816720257 0.00803858520900321 0.00643086816720257 0.210610932475884
0 0.00881834215167548 0.0282186948853616 0.0705467372134039 0.141093474426808 0.132275132275132 0.0776014109347443 0.0335097001763668 0.0564373897707231 0.0440917107583774 0.0440917107583774 0.0335097001763668 0.0405643738977072 0.037037037037037 0.0211640211640212 0.0123456790123457 0.0141093474426808 0.00705467372134039 0.0141093474426808 0.00881834215167548 0.00881834215167548 0.0017636684303351 0.00529100529100529 0.0105820105820106 0.00881834215167548 0.00529100529100529 0.00881834215167548 0.00705467372134039 0.00529100529100529 0.112874779541446
0.0069204152249135 0.0155709342560554 0.0190311418685121 0.0951557093425606 0.0882352941176471 0.105536332179931 0.0968858131487889 0.0588235294117647 0.0519031141868512 0.0484429065743945 0.0449826989619377 0.0328719723183391 0.0328719723183391 0.027681660899654 0.013840830449827 0.0224913494809689 0.0103806228373702 0.013840830449827 0.0121107266435986 0.0121107266435986 0.00865051903114187 0.0069204152249135 0.0121107266435986 0.0069204152249135 0.00865051903114187 0.00519031141868512 0.013840830449827 0.00346020761245675 0.00519031141868512 0.119377162629758
0.0388978930307942 0.0858995137763371 0.0923824959481361 0.0615883306320908 0.0761750405186386 0.124797406807131 0.0875202593192869 0.0437601296596434 0.047001620745543 0.0324149108589951 0.0275526742301459 0.0291734197730956 0.0226904376012966 0.0291734197730956 0.0129659643435981 0.00810372771474878 0.00648298217179903 0.00972447325769854 0.00486223662884927 0.0113452188006483 0.00324149108589951 0.0129659643435981 0.00324149108589951 0.00162074554294976 0.00486223662884927 0.00648298217179903 0.00162074554294976 0.00486223662884927 0.00486223662884927 0.103727714748784
0.0254872563718141 0.371814092953523 0.113943028485757 0.0509745127436282 0.0719640179910045 0.0569715142428786 0.0389805097451274 0.0389805097451274 0.0149925037481259 0.0269865067466267 0.0284857571214393 0.0209895052473763 0.0149925037481259 0.0164917541229385 0.0149925037481259 0.00749625187406297 0.0104947526236882 0.00749625187406297 0.0104947526236882 0.00299850074962519 0.00299850074962519 0.00449775112443778 0.00749625187406297 0.00749625187406297 0.00449775112443778 0.00149925037481259 0.00299850074962519 0.00299850074962519 0.00449775112443778 0.0149925037481259
0.0495207667731629 0.206070287539936 0.253993610223642 0.0894568690095847 0.0383386581469649 0.0335463258785942 0.0335463258785942 0.036741214057508 0.0175718849840256 0.0319488817891374 0.0207667731629393 0.0175718849840256 0.012779552715655 0.0111821086261981 0.00798722044728434 0.00638977635782748 0.0111821086261981 0.0175718849840256 0.0143769968051118 0 0.00479233226837061 0.00479233226837061 0.00798722044728434 0.00479233226837061 0.00479233226837061 0.00638977635782748 0.00479233226837061 0.00319488817891374 0.00479233226837061 0.0431309904153355
0.0349206349206349 0.301587301587302 0.147619047619048 0.171428571428571 0.0476190476190476 0.0253968253968254 0.0301587301587302 0.0365079365079365 0.019047619047619 0.0158730158730159 0.0285714285714286 0.00634920634920635 0.00793650793650794 0.00952380952380952 0.00317460317460317 0.0142857142857143 0.00476190476190476 0.0142857142857143 0.00793650793650794 0.00634920634920635 0.00317460317460317 0.00158730158730159 0.00476190476190476 0.00793650793650794 0.00793650793650794 0.00317460317460317 0.00476190476190476 0.00158730158730159 0.00476190476190476 0.026984126984127
0.00820793433652531 0.220246238030096 0.363885088919289 0.176470588235294 0.0807113543091655 0.0437756497948016 0.0136798905608755 0.0109439124487004 0.00957592339261286 0.00957592339261286 0.00410396716826265 0.00410396716826265 0.00410396716826265 0.0054719562243502 0.00136798905608755 0.0054719562243502 0.00136798905608755 0.00410396716826265 0.00136798905608755 0 0.00136798905608755 0.0054719562243502 0 0.00410396716826265 0.0027359781121751 0.00136798905608755 0 0 0.00136798905608755 0.0150478796169631
0.00582241630276565 0.0975254730713246 0.259097525473071 0.378457059679767 0.13391557496361 0.0524017467248908 0.0276564774381368 0.00873362445414847 0.00582241630276565 0.00145560407569141 0.00145560407569141 0.00291120815138282 0.00727802037845706 0.00145560407569141 0.00145560407569141 0 0 0.00145560407569141 0 0 0.00145560407569141 0 0.00291120815138282 0 0 0 0 0 0.00291120815138282 0.00582241630276565
0 0.0338235294117647 0.0779411764705882 0.267647058823529 0.325 0.157352941176471 0.0838235294117647 0.0220588235294118 0.0132352941176471 0.00441176470588235 0.00441176470588235 0 0.00147058823529412 0.00147058823529412 0.00294117647058824 0 0.00147058823529412 0 0.00147058823529412 0 0 0 0.00147058823529412 0 0 0 0 0 0 0
#: #!
