# Number of years age comps: nyrs_srv1age
27
# Fishery age comps years
1996 1997 1998 1999 2000 2001 2002 2003 2004 2005 2006 2007 2008 2009 2010 2011 2012 2013 2014 2015 2016 2017 2018 2019 2020 2021 2022
# Number of samples: nsamples_srv1_age(1,nyrs_srv1age)
8 8 9 9 9 9 9 8 9 9 9 8 9 9 8 9 9 9 8 8 8 9 8 8 8 9 8
# Male obs prop:
0.0022271714922049 0.0133630289532294 0.0645879732739421 0.102449888641425 0.0979955456570156 0.0824053452115813 0.0734966592427617 0.0645879732739421 0.0579064587973274 0.0690423162583519 0.0512249443207127 0.0311804008908686 0.0556792873051225 0.0378619153674833 0.022271714922049 0.0044543429844098 0.0200445434298441 0.0089086859688196 0.0311804008908686 0.0066815144766147 0.0022271714922049 0.0133630289532294 0.0066815144766147 0.0044543429844098 0.0111358574610245 0.0066815144766147 0.0089086859688196 0.0044543429844098 0.0066815144766147 0.0378619153674833
0.0128205128205128 0.0347985347985348 0.0366300366300366 0.0750915750915751 0.104395604395604 0.120879120879121 0.0787545787545788 0.0586080586080586 0.0567765567765568 0.0384615384615385 0.0476190476190476 0.0402930402930403 0.0494505494505494 0.0402930402930403 0.0256410256410256 0.0274725274725275 0.010989010989011 0.0146520146520147 0.0183150183150183 0.00732600732600733 0.00183150183150183 0.0128205128205128 0.00732600732600733 0.00366300366300366 0.0054945054945055 0.00732600732600733 0.0054945054945055 0.0054945054945055 0.00366300366300366 0.0476190476190476
0.0068649885583524 0.0434782608695652 0.0640732265446224 0.0823798627002288 0.0961098398169336 0.0869565217391304 0.0938215102974828 0.0526315789473684 0.0846681922196796 0.0411899313501144 0.0480549199084668 0.0320366132723112 0.034324942791762 0.0251716247139588 0.0274599542334096 0.0137299771167048 0.0274599542334096 0.0137299771167048 0.0137299771167048 0.0091533180778032 0.0091533180778032 0.011441647597254 0.0045766590389016 0.0091533180778032 0.0091533180778032 0.0091533180778032 0.0045766590389016 0 0.0022883295194508 0.0434782608695652
0.0554371002132196 0.0660980810234542 0.0746268656716418 0.0852878464818763 0.070362473347548 0.0682302771855011 0.070362473347548 0.0597014925373134 0.046908315565032 0.0405117270788913 0.0341151385927505 0.0383795309168444 0.0298507462686567 0.0255863539445629 0.0319829424307036 0.0405117270788913 0.0149253731343284 0.023454157782516 0.00639658848614072 0.0106609808102345 0.0170575692963753 0.00639658848614072 0.00639658848614072 0.00852878464818763 0.00852878464818763 0.00213219616204691 0.00852878464818763 0.00213219616204691 0.00426439232409382 0.0426439232409382
0.00858369098712446 0.0321888412017167 0.0665236051502146 0.124463519313305 0.103004291845494 0.0472103004291846 0.0343347639484979 0.0665236051502146 0.055793991416309 0.055793991416309 0.0493562231759657 0.0343347639484979 0.0321888412017167 0.0257510729613734 0.0214592274678112 0.0343347639484979 0.0278969957081545 0.01931330472103 0.0214592274678112 0.00643776824034335 0.00429184549356223 0.01931330472103 0.01931330472103 0.00858369098712446 0.00643776824034335 0.0107296137339056 0.0107296137339056 0.00214592274678112 0 0.0515021459227468
0.00404858299595142 0.0263157894736842 0.198380566801619 0.117408906882591 0.103238866396761 0.0506072874493927 0.0647773279352227 0.0465587044534413 0.0323886639676113 0.0465587044534413 0.0263157894736842 0.0242914979757085 0.01417004048583 0.0242914979757085 0.0202429149797571 0.0202429149797571 0.01417004048583 0.0121457489878543 0.01417004048583 0.00809716599190283 0.00404858299595142 0.0101214574898785 0.0202429149797571 0.00809716599190283 0.00404858299595142 0.00809716599190283 0.0121457489878543 0.00809716599190283 0.00809716599190283 0.048582995951417
0 0.0418502202643172 0.0859030837004405 0.187224669603524 0.151982378854626 0.079295154185022 0.0418502202643172 0.0418502202643172 0.0374449339207048 0.0352422907488987 0.0176211453744493 0.0286343612334802 0.0242290748898678 0.0154185022026432 0.013215859030837 0.0154185022026432 0.013215859030837 0.0066079295154185 0.0154185022026432 0.00881057268722467 0.0154185022026432 0.013215859030837 0.00881057268722467 0.00881057268722467 0.0110132158590308 0.00440528634361234 0.00440528634361234 0.0110132158590308 0.00220264317180617 0.0594713656387665
0.00537634408602151 0.0456989247311828 0.0403225806451613 0.163978494623656 0.182795698924731 0.102150537634409 0.0940860215053763 0.032258064516129 0.0268817204301075 0.0241935483870968 0.0188172043010753 0.0161290322580645 0.0295698924731183 0.0161290322580645 0.0295698924731183 0.021505376344086 0.0134408602150538 0.0295698924731183 0.0134408602150538 0.0134408602150538 0.00537634408602151 0.00268817204301075 0.00537634408602151 0 0.00537634408602151 0.010752688172043 0.010752688172043 0.00268817204301075 0.00268817204301075 0.0349462365591398
0 0.0340136054421769 0.167800453514739 0.183673469387755 0.156462585034014 0.0861678004535147 0.0612244897959184 0.0294784580498866 0.0385487528344671 0.0249433106575964 0.0272108843537415 0.0204081632653061 0.018140589569161 0.0136054421768707 0.00453514739229025 0.0113378684807256 0.0113378684807256 0.0090702947845805 0.018140589569161 0.00453514739229025 0.0136054421768707 0.0090702947845805 0.00680272108843537 0.00680272108843537 0.0090702947845805 0.00226757369614512 0.00680272108843537 0.00226757369614512 0 0.0226757369614512
0.00452488687782805 0.0158371040723982 0.15158371040724 0.217194570135747 0.178733031674208 0.119909502262443 0.0656108597285068 0.0429864253393665 0.0429864253393665 0.0135746606334842 0.0158371040723982 0.0135746606334842 0.0135746606334842 0.00904977375565611 0.00678733031674208 0.0113122171945701 0.00452488687782805 0.0113122171945701 0.00904977375565611 0.00678733031674208 0.00678733031674208 0.00678733031674208 0.00452488687782805 0 0.00452488687782805 0 0.00452488687782805 0 0.00452488687782805 0.0135746606334842
0.0106609808102345 0.0191897654584222 0.0639658848614073 0.157782515991471 0.211087420042644 0.127931769722815 0.0746268656716418 0.0490405117270789 0.023454157782516 0.0255863539445629 0.0149253731343284 0.0127931769722814 0.0213219616204691 0.0191897654584222 0.0191897654584222 0.0170575692963753 0.0127931769722814 0.00639658848614072 0.0127931769722814 0.023454157782516 0.0170575692963753 0.00426439232409382 0.00639658848614072 0.00639658848614072 0.00213219616204691 0.00213219616204691 0.00639658848614072 0.00426439232409382 0.00639658848614072 0.0213219616204691
0.0172413793103448 0.0237068965517241 0.0711206896551724 0.101293103448276 0.131465517241379 0.144396551724138 0.135775862068966 0.0689655172413793 0.0603448275862069 0.0172413793103448 0.0150862068965517 0.0172413793103448 0.0280172413793103 0.00862068965517241 0.0129310344827586 0.00862068965517241 0.0129310344827586 0.00646551724137931 0.0107758620689655 0.00862068965517241 0.0107758620689655 0.0107758620689655 0.00862068965517241 0.00646551724137931 0.00862068965517241 0.00646551724137931 0.00646551724137931 0.00431034482758621 0.0021551724137931 0.0344827586206897
0.00992063492063492 0.0218253968253968 0.0634920634920635 0.0873015873015873 0.107142857142857 0.10515873015873 0.115079365079365 0.0813492063492064 0.0853174603174603 0.0496031746031746 0.0178571428571429 0.0257936507936508 0.0218253968253968 0.0138888888888889 0.0138888888888889 0.0119047619047619 0.0198412698412698 0.0119047619047619 0.0119047619047619 0.0119047619047619 0.0138888888888889 0.0119047619047619 0.00595238095238095 0.00793650793650794 0.00992063492063492 0.00793650793650794 0.00396825396825397 0.00396825396825397 0.00396825396825397 0.0436507936507936
0.00831600831600832 0.0207900207900208 0.0602910602910603 0.0498960498960499 0.103950103950104 0.0914760914760915 0.103950103950104 0.0956340956340956 0.101871101871102 0.0395010395010395 0.0374220374220374 0.0291060291060291 0.0124740124740125 0.0207900207900208 0.0124740124740125 0.0187110187110187 0.0145530145530146 0.00831600831600832 0.0103950103950104 0.00831600831600832 0.0124740124740125 0.0103950103950104 0.0166320166320166 0.0103950103950104 0.00623700623700624 0.0103950103950104 0.00831600831600832 0.00415800415800416 0.00623700623700624 0.0665280665280665
0.0397350993377483 0.0242825607064018 0.0309050772626932 0.0684326710816777 0.0794701986754967 0.0662251655629139 0.0971302428256071 0.0905077262693157 0.0794701986754967 0.0618101545253863 0.0573951434878587 0.0397350993377483 0.0309050772626932 0.0242825607064018 0.011037527593819 0.0132450331125828 0.0176600441501104 0.0198675496688742 0.00883002207505519 0.00883002207505519 0.00441501103752759 0.0176600441501104 0.00441501103752759 0.0176600441501104 0.00662251655629139 0.00662251655629139 0.00883002207505519 0.00662251655629139 0 0.0573951434878587
0.0121212121212121 0.0565656565656566 0.0505050505050505 0.096969696969697 0.0848484848484849 0.0626262626262626 0.0686868686868687 0.0585858585858586 0.0787878787878788 0.0606060606060606 0.0464646464646465 0.0505050505050505 0.0242424242424242 0.0303030303030303 0.0161616161616162 0.0242424242424242 0.0202020202020202 0.0161616161616162 0.0161616161616162 0.00606060606060606 0.00404040404040404 0.00606060606060606 0.0161616161616162 0.00808080808080808 0 0.00404040404040404 0.00808080808080808 0.00606060606060606 0.00606060606060606 0.0606060606060606
0.00226244343891403 0.0339366515837104 0.0882352941176471 0.131221719457014 0.122171945701357 0.0610859728506787 0.0723981900452489 0.0407239819004525 0.0384615384615385 0.0497737556561086 0.0339366515837104 0.0475113122171946 0.0384615384615385 0.0316742081447964 0.0226244343891403 0.0180995475113122 0.0113122171945701 0.0180995475113122 0.0180995475113122 0.00226244343891403 0.0135746606334842 0.0113122171945701 0.00904977375565611 0.0113122171945701 0.00904977375565611 0.0158371040723982 0.00678733031674208 0.00452488687782805 0.00452488687782805 0.0316742081447964
0.00206611570247934 0.018595041322314 0.0495867768595041 0.0867768595041322 0.103305785123967 0.0888429752066116 0.0971074380165289 0.0557851239669422 0.0413223140495868 0.0619834710743802 0.0495867768595041 0.0433884297520661 0.0413223140495868 0.0371900826446281 0.0268595041322314 0.0206611570247934 0.0330578512396694 0.00619834710743802 0.012396694214876 0.00619834710743802 0.00826446280991736 0.0103305785123967 0.00619834710743802 0.0165289256198347 0.00826446280991736 0.00413223140495868 0.00206611570247934 0.00206611570247934 0.00413223140495868 0.0557851239669422
0.00198412698412698 0.0138888888888889 0.0615079365079365 0.0853174603174603 0.180555555555556 0.126984126984127 0.0654761904761905 0.0694444444444444 0.0317460317460317 0.0158730158730159 0.0396825396825397 0.0416666666666667 0.0218253968253968 0.0416666666666667 0.0277777777777778 0.0178571428571429 0.0218253968253968 0.0198412698412698 0.00793650793650794 0.00595238095238095 0.00793650793650794 0.00992063492063492 0.0158730158730159 0.00396825396825397 0.00396825396825397 0.00992063492063492 0.00396825396825397 0.00198412698412698 0.00595238095238095 0.0376984126984127
0.0202702702702703 0.045045045045045 0.045045045045045 0.0585585585585586 0.112612612612613 0.114864864864865 0.0765765765765766 0.0653153153153153 0.0382882882882883 0.0518018018018018 0.0405405405405405 0.0382882882882883 0.0292792792792793 0.0292792792792793 0.027027027027027 0.0135135135135135 0.0202702702702703 0.0112612612612613 0.00675675675675676 0.00675675675675676 0.0135135135135135 0.018018018018018 0.0135135135135135 0.0112612612612613 0.00225225225225225 0.00225225225225225 0.00675675675675676 0.00225225225225225 0.00675675675675676 0.0720720720720721
0.136842105263158 0.103157894736842 0.048421052631579 0.048421052631579 0.0757894736842105 0.101052631578947 0.12 0.0736842105263158 0.04 0.0231578947368421 0.04 0.0210526315789474 0.0189473684210526 0.0147368421052632 0.0273684210526316 0.0168421052631579 0.0105263157894737 0.0126315789473684 0.0126315789473684 0.00631578947368421 0.00631578947368421 0.00842105263157895 0 0.00631578947368421 0.00842105263157895 0 0 0 0 0.0189473684210526
0.05175983436853 0.285714285714286 0.13871635610766 0.0703933747412008 0.0641821946169772 0.0496894409937888 0.0476190476190476 0.0227743271221532 0.0434782608695652 0.0434782608695652 0.0124223602484472 0.0227743271221532 0.010351966873706 0.0269151138716356 0.0144927536231884 0.0124223602484472 0.010351966873706 0.0082815734989648 0.0082815734989648 0 0.0062111801242236 0.0062111801242236 0.0062111801242236 0.0082815734989648 0 0.0062111801242236 0 0.0041407867494824 0.0020703933747412 0.0165631469979296
0.0691244239631336 0.216589861751152 0.290322580645161 0.108294930875576 0.0483870967741935 0.0414746543778802 0.032258064516129 0.0368663594470046 0.0207373271889401 0.00921658986175115 0.0115207373271889 0.00691244239631336 0.00691244239631336 0.0115207373271889 0.00691244239631336 0.00921658986175115 0.0115207373271889 0.0138248847926267 0 0.00230414746543779 0.0138248847926267 0.00230414746543779 0.00460829493087558 0.00230414746543779 0.00230414746543779 0.00230414746543779 0 0 0.00230414746543779 0.0161290322580645
0.00217864923747277 0.324618736383442 0.237472766884532 0.202614379084967 0.0610021786492375 0.0305010893246187 0.0152505446623094 0.0261437908496732 0.0174291938997821 0.0152505446623094 0.0065359477124183 0.0065359477124183 0.00435729847494553 0.00217864923747277 0 0.00435729847494553 0.0108932461873638 0 0 0.00435729847494553 0 0.0065359477124183 0 0 0 0 0 0 0.00217864923747277 0.0196078431372549
0.00689655172413793 0.174712643678161 0.347126436781609 0.172413793103448 0.0827586206896552 0.0367816091954023 0.0252873563218391 0.0206896551724138 0.0137931034482759 0.0137931034482759 0.00689655172413793 0.00689655172413793 0.00459770114942529 0.0137931034482759 0.00919540229885057 0.00919540229885057 0.00229885057471264 0 0.00459770114942529 0.00919540229885057 0.00229885057471264 0 0.00459770114942529 0.00459770114942529 0 0 0.00459770114942529 0.00229885057471264 0.00229885057471264 0.0183908045977011
0.0022883295194508 0.068649885583524 0.242562929061785 0.260869565217391 0.178489702517162 0.100686498855835 0.0411899313501144 0.0205949656750572 0.0045766590389016 0.0068649885583524 0.0022883295194508 0.0091533180778032 0.0045766590389016 0.0045766590389016 0.0091533180778032 0.0045766590389016 0.0045766590389016 0.0068649885583524 0.0045766590389016 0.0068649885583524 0.0022883295194508 0 0.0022883295194508 0 0.0022883295194508 0.0022883295194508 0 0 0.0022883295194508 0.0045766590389016
0.00413223140495868 0.0371900826446281 0.134297520661157 0.194214876033058 0.243801652892562 0.169421487603306 0.0950413223140496 0.0475206611570248 0.0206611570247934 0.0103305785123967 0.00206611570247934 0.012396694214876 0.00619834710743802 0.00619834710743802 0.00206611570247934 0 0 0 0.00413223140495868 0 0.00413223140495868 0 0.00206611570247934 0 0 0.00206611570247934 0 0 0 0.00206611570247934
# Female obs prop:
0.0070298769771529 0.00527240773286467 0.0738137082601054 0.110720562390158 0.135325131810193 0.0896309314586995 0.105448154657293 0.0773286467486819 0.0615114235500879 0.0456942003514939 0.0509666080843585 0.0281195079086116 0.0281195079086116 0.031634446397188 0.0351493848857645 0.0193321616871705 0.0070298769771529 0.00527240773286467 0.00527240773286467 0.00527240773286467 0.0070298769771529 0.00175746924428822 0.00351493848857645 0.00351493848857645 0.00175746924428822 0.0070298769771529 0.00351493848857645 0.00351493848857645 0.00527240773286467 0.0351493848857645
0.0198347107438017 0.0495867768595041 0.0512396694214876 0.122314049586777 0.142148760330579 0.147107438016529 0.084297520661157 0.0710743801652893 0.0479338842975207 0.0396694214876033 0.0462809917355372 0.0264462809917355 0.0231404958677686 0.0181818181818182 0.0247933884297521 0.0165289256198347 0.0115702479338843 0.00330578512396694 0.00661157024793388 0 0.00165289256198347 0.00330578512396694 0.00330578512396694 0.00330578512396694 0.00495867768595041 0 0.00165289256198347 0.00165289256198347 0.00661157024793388 0.0214876033057851
0.00527240773286467 0.0738137082601054 0.119507908611599 0.114235500878735 0.133567662565905 0.107205623901582 0.105448154657293 0.0456942003514939 0.038664323374341 0.0210896309314587 0.0333919156414763 0.0281195079086116 0.0263620386643234 0.031634446397188 0.0246045694200351 0.015817223198594 0.0123022847100176 0.00527240773286467 0.0070298769771529 0.00527240773286467 0.00878734622144113 0.00527240773286467 0.00527240773286467 0 0.00175746924428822 0.00351493848857645 0 0 0.00175746924428822 0.0193321616871705
0.0419047619047619 0.0895238095238095 0.167619047619048 0.142857142857143 0.0495238095238095 0.0895238095238095 0.059047619047619 0.0495238095238095 0.0552380952380952 0.0342857142857143 0.0247619047619048 0.0266666666666667 0.0304761904761905 0.0266666666666667 0.0228571428571429 0.0114285714285714 0.0171428571428571 0.0019047619047619 0.00761904761904762 0.0019047619047619 0.00571428571428571 0.00761904761904762 0.00571428571428571 0 0.0019047619047619 0 0.00380952380952381 0.0019047619047619 0.00380952380952381 0.019047619047619
0.00811688311688312 0.0876623376623377 0.11525974025974 0.198051948051948 0.0892857142857143 0.0665584415584416 0.0551948051948052 0.0470779220779221 0.0373376623376623 0.0292207792207792 0.0308441558441558 0.0340909090909091 0.0194805194805195 0.025974025974026 0.0292207792207792 0.0194805194805195 0.0178571428571429 0.0113636363636364 0.012987012987013 0.00974025974025974 0.00324675324675325 0.0113636363636364 0.00162337662337662 0.00324675324675325 0.00324675324675325 0.00324675324675325 0 0.00649350649350649 0.00162337662337662 0.0211038961038961
0.00171821305841924 0.0446735395189003 0.24914089347079 0.164948453608247 0.123711340206186 0.0876288659793814 0.0343642611683849 0.0515463917525773 0.0378006872852234 0.0240549828178694 0.00859106529209622 0.0171821305841924 0.0103092783505155 0.0274914089347079 0.013745704467354 0.00859106529209622 0.0120274914089347 0.00859106529209622 0.00859106529209622 0.00171821305841924 0.00859106529209622 0.00859106529209622 0.00171821305841924 0.00343642611683849 0.00171821305841924 0.00515463917525773 0.00343642611683849 0.00171821305841924 0.00343642611683849 0.0257731958762887
0.0054945054945055 0.0201465201465201 0.0842490842490843 0.163003663003663 0.168498168498169 0.120879120879121 0.0787545787545788 0.0402930402930403 0.0128205128205128 0.021978021978022 0.0274725274725275 0.00915750915750916 0.0201465201465201 0.0238095238095238 0.021978021978022 0.0146520146520147 0.0128205128205128 0.0164835164835165 0.0128205128205128 0.010989010989011 0.0054945054945055 0.0054945054945055 0.00732600732600733 0.0146520146520147 0.00366300366300366 0.00732600732600733 0.0128205128205128 0.0054945054945055 0.00366300366300366 0.0476190476190476
0 0.0432098765432099 0.0576131687242798 0.164609053497942 0.246913580246914 0.131687242798354 0.0864197530864197 0.0473251028806584 0.0267489711934156 0.0246913580246914 0.0164609053497942 0.00823045267489712 0.0185185185185185 0.0164609053497942 0.0123456790123457 0.0102880658436214 0.0102880658436214 0.00205761316872428 0.0123456790123457 0.00823045267489712 0 0.00617283950617284 0.00411522633744856 0.00823045267489712 0.00411522633744856 0.00617283950617284 0.00411522633744856 0.00205761316872428 0 0.0205761316872428
0.00353356890459364 0.0353356890459364 0.19434628975265 0.174911660777385 0.166077738515901 0.127208480565371 0.0777385159010601 0.0477031802120141 0.0300353356890459 0.0176678445229682 0.0141342756183746 0.0106007067137809 0.0088339222614841 0.00706713780918728 0.0123674911660777 0.00706713780918728 0.00530035335689046 0.00176678445229682 0.0088339222614841 0.0123674911660777 0 0.00353356890459364 0.00530035335689046 0.00353356890459364 0.00176678445229682 0.00176678445229682 0.00353356890459364 0.00176678445229682 0 0.0159010600706714
0.00551470588235294 0.00551470588235294 0.125 0.227941176470588 0.148897058823529 0.150735294117647 0.0919117647058824 0.0496323529411765 0.0441176470588235 0.0165441176470588 0.0202205882352941 0.0147058823529412 0.0128676470588235 0.00735294117647059 0.0147058823529412 0.00551470588235294 0.00735294117647059 0.00183823529411765 0.00551470588235294 0.0110294117647059 0.00735294117647059 0.00367647058823529 0.00183823529411765 0.00367647058823529 0.00367647058823529 0 0.00183823529411765 0 0.00183823529411765 0.00919117647058824
0.00924214417744917 0.0203327171903882 0.0425138632162662 0.118299445471349 0.184842883548983 0.157116451016636 0.140480591497227 0.0794824399260629 0.0462107208872458 0.0351201478743068 0.022181146025878 0.0147874306839187 0.00739371534195933 0.0147874306839187 0.0129390018484288 0.00924214417744917 0.00739371534195933 0.00739371534195933 0.00739371534195933 0.011090573012939 0.00924214417744917 0 0.00369685767097967 0.00184842883548983 0 0.00184842883548983 0.00369685767097967 0.00369685767097967 0.0055452865064695 0.022181146025878
0.0075046904315197 0.026266416510319 0.0637898686679174 0.105065666041276 0.142589118198874 0.181988742964353 0.136960600375235 0.0919324577861163 0.0731707317073171 0.0393996247654784 0.0187617260787993 0.0131332082551595 0.0112570356472795 0.00562851782363977 0.00562851782363977 0.00938086303939963 0 0.0168855534709193 0.00562851782363977 0.00187617260787992 0.00562851782363977 0.00562851782363977 0.00562851782363977 0 0.00562851782363977 0.0075046904315197 0 0 0 0.0131332082551595
0.00185873605947955 0.0278810408921933 0.0613382899628253 0.0855018587360595 0.117100371747212 0.128252788104089 0.157992565055762 0.12453531598513 0.0762081784386617 0.0594795539033457 0.0390334572490706 0.0185873605947955 0.0111524163568773 0.00929368029739777 0.00929368029739777 0.00557620817843866 0.0111524163568773 0.00557620817843866 0.00743494423791822 0.00185873605947955 0.00185873605947955 0.00929368029739777 0.00185873605947955 0 0.00185873605947955 0.00185873605947955 0 0.00185873605947955 0.00371747211895911 0.0185873605947955
0.00387596899224806 0.0155038759689922 0.0465116279069767 0.0542635658914729 0.0968992248062016 0.10077519379845 0.13953488372093 0.12984496124031 0.0949612403100775 0.062015503875969 0.0368217054263566 0.0387596899224806 0.0271317829457364 0.0155038759689922 0.0193798449612403 0.0193798449612403 0.00581395348837209 0.00775193798449612 0.00968992248062015 0.00775193798449612 0.00775193798449612 0.00581395348837209 0.00387596899224806 0.00193798449612403 0.00581395348837209 0.00387596899224806 0.00581395348837209 0.00581395348837209 0.00581395348837209 0.0213178294573643
0.026615969581749 0.0342205323193916 0.0475285171102662 0.091254752851711 0.0779467680608365 0.0532319391634981 0.0817490494296578 0.091254752851711 0.0836501901140684 0.104562737642586 0.0532319391634981 0.0418250950570342 0.0399239543726236 0.0228136882129278 0.0152091254752852 0.00950570342205323 0.00570342205323194 0.00190114068441065 0.0152091254752852 0.00950570342205323 0.00950570342205323 0.0114068441064639 0.00760456273764259 0.00570342205323194 0.00380228136882129 0.00380228136882129 0.00190114068441065 0.00380228136882129 0.00380228136882129 0.0418250950570342
0.0288065843621399 0.0596707818930041 0.0679012345679012 0.11522633744856 0.111111111111111 0.0946502057613169 0.0596707818930041 0.0637860082304527 0.0740740740740741 0.0576131687242798 0.0493827160493827 0.0390946502057613 0.037037037037037 0.0226337448559671 0.0226337448559671 0.0102880658436214 0.00617283950617284 0.00411522633744856 0.0123456790123457 0.0102880658436214 0 0.00205761316872428 0.00617283950617284 0.00411522633744856 0 0.0102880658436214 0.00205761316872428 0 0.00411522633744856 0.0246913580246914
0.00190114068441065 0.032319391634981 0.119771863117871 0.17680608365019 0.136882129277567 0.0836501901140684 0.0361216730038023 0.0494296577946768 0.0361216730038023 0.0551330798479087 0.0190114068441065 0.0418250950570342 0.026615969581749 0.0285171102661597 0.0228136882129278 0.0228136882129278 0.00380228136882129 0.0114068441064639 0.00950570342205323 0.00950570342205323 0.0133079847908745 0.00760456273764259 0.00570342205323194 0.00190114068441065 0.00570342205323194 0.00190114068441065 0.00380228136882129 0.00190114068441065 0 0.0342205323193916
0 0.026369168356998 0.0628803245436105 0.109533468559838 0.127789046653144 0.129817444219067 0.101419878296146 0.0547667342799189 0.0547667342799189 0.0324543610547667 0.0405679513184584 0.024340770791075 0.0344827586206897 0.0365111561866126 0.0283975659229209 0.026369168356998 0.0182555780933063 0.0101419878296146 0.00811359026369168 0.00405679513184584 0.0121703853955375 0.00405679513184584 0.00811359026369168 0.00811359026369168 0.00405679513184584 0.00202839756592292 0.00405679513184584 0.00202839756592292 0.00405679513184584 0.0202839756592292
0.00203252032520325 0.0121951219512195 0.0691056910569106 0.105691056910569 0.180894308943089 0.142276422764228 0.0833333333333333 0.0670731707317073 0.0548780487804878 0.0365853658536585 0.0304878048780488 0.0284552845528455 0.0304878048780488 0.032520325203252 0.0203252032520325 0.0121951219512195 0.0182926829268293 0.00609756097560976 0.0101626016260163 0.00609756097560976 0.0040650406504065 0.0040650406504065 0.00203252032520325 0.0121951219512195 0 0.00203252032520325 0.00609756097560976 0.00609756097560976 0 0.0142276422764228
0.0298507462686567 0.0447761194029851 0.026865671641791 0.138805970149254 0.125373134328358 0.16865671641791 0.0835820895522388 0.0537313432835821 0.0507462686567164 0.0373134328358209 0.0298507462686567 0.0223880597014925 0.0253731343283582 0.0253731343283582 0.0238805970149254 0.0119402985074627 0.0208955223880597 0.00597014925373134 0.0149253731343284 0.00597014925373134 0.00597014925373134 0.00746268656716418 0.00447761194029851 0.00447761194029851 0 0.00149253731343284 0 0.00298507462686567 0 0.026865671641791
0.161812297734628 0.114886731391586 0.0566343042071197 0.0566343042071197 0.0728155339805825 0.113268608414239 0.118122977346278 0.0809061488673139 0.0485436893203883 0.0355987055016181 0.0194174757281553 0.0226537216828479 0.0161812297734628 0.00970873786407767 0.00809061488673139 0.0129449838187702 0.00809061488673139 0.00161812297734628 0.00809061488673139 0.00485436893203883 0.00647249190938511 0.00161812297734628 0 0 0.00323624595469256 0.00485436893203883 0 0 0.00161812297734628 0.0113268608414239
0.0443262411347518 0.345744680851064 0.168439716312057 0.0851063829787234 0.0638297872340425 0.0425531914893617 0.0390070921985816 0.0336879432624113 0.0212765957446809 0.0212765957446809 0.0159574468085106 0.0124113475177305 0.0106382978723404 0.024822695035461 0.0141843971631206 0.0106382978723404 0.00886524822695036 0.00531914893617021 0.00531914893617021 0.00531914893617021 0.00354609929078014 0 0.00177304964539007 0.00177304964539007 0 0.00177304964539007 0 0 0 0.0124113475177305
0.0505709624796085 0.207177814029364 0.33442088091354 0.110929853181077 0.0864600326264274 0.0424143556280587 0.0309951060358891 0.0375203915171289 0.0212071778140294 0.0146818923327896 0.00489396411092985 0.00489396411092985 0.00489396411092985 0.0065252854812398 0.0130505709624796 0.0032626427406199 0.00163132137030995 0.00489396411092985 0.0065252854812398 0.00163132137030995 0 0 0 0.00163132137030995 0.00163132137030995 0 0.00163132137030995 0 0 0.0065252854812398
0 0.311304347826087 0.227826086956522 0.229565217391304 0.0869565217391304 0.0347826086956522 0.0191304347826087 0.0173913043478261 0.0121739130434783 0.0104347826086957 0.00521739130434783 0.0121739130434783 0.00173913043478261 0.00695652173913044 0.00347826086956522 0.00521739130434783 0.00173913043478261 0.00173913043478261 0.00521739130434783 0 0 0 0 0 0 0 0 0.00173913043478261 0 0.00521739130434783
0 0.137989778534923 0.390119250425894 0.178875638841567 0.141396933560477 0.0374787052810903 0.0187393526405451 0.00340715502555366 0.010221465076661 0.0187393526405451 0.00511073253833049 0.00340715502555366 0.00511073253833049 0.00681431005110733 0 0.00681431005110733 0.00340715502555366 0.00511073253833049 0.00340715502555366 0.00170357751277683 0.00340715502555366 0.00340715502555366 0.00170357751277683 0.00340715502555366 0.00170357751277683 0.00170357751277683 0 0.00170357751277683 0 0.00511073253833049
0.00172711571675302 0.0293609671848014 0.22279792746114 0.338514680483592 0.188255613126079 0.0846286701208981 0.0397236614853195 0.0155440414507772 0.0138169257340242 0.0172711571675302 0.0103626943005181 0.00690846286701209 0.00345423143350604 0.00518134715025907 0.00345423143350604 0.00690846286701209 0.00172711571675302 0 0 0.00172711571675302 0 0.00172711571675302 0 0 0.00172711571675302 0 0 0.00172711571675302 0.00345423143350604 0
0.00355871886120996 0.0516014234875445 0.0925266903914591 0.177935943060498 0.272241992882562 0.193950177935943 0.104982206405694 0.0391459074733096 0.0213523131672598 0.0177935943060498 0.00533807829181495 0 0.00355871886120996 0 0.00355871886120996 0.00177935943060498 0.00177935943060498 0.00177935943060498 0.00177935943060498 0 0.00177935943060498 0 0 0 0 0 0 0.00177935943060498 0.00177935943060498 0
#: #!
