# Number of years length comps: nyrs_fish3lens
21
# fish length comps years
1990 1991 1999 2005 2006 2007 2008 2009 2010 2011 2012 2013 2014 2015 2016 2017 2018 2019 2020 2021 2022
# Number of samples: nsamples_fish3_age(1,nyrs_fish3lens)
8 4 5 9 6 11 12 11 11 11 13 14 12 13 11 14 16 21 39 33 38
# Observed fish length compositions (proportions at age): osc_fish(1,nyrs_fish3lens,1,nlens*2)
0.00141843971631206 0.00283687943262411 0.00283687943262411 0 0.00141843971631206 0.00141843971631206 0.00425531914893617 0.0141843971631206 0.0269503546099291 0.0326241134751773 0.0482269503546099 0.0524822695035461 0.0609929078014184 0.0595744680851064 0.0595744680851064 0.0482269503546099 0.0368794326241135 0.0226950354609929 0.024113475177305 0.0141843971631206 0.00851063829787234 0.00851063829787234 0.00283687943262411 0.00283687943262411 0.00141843971631206 0 0 0 0 0 0.00283687943262411 0.00141843971631206 0.00141843971631206 0.00425531914893617 0.00567375886524823 0.00141843971631206 0.00851063829787234 0.0141843971631206 0.024113475177305 0.049645390070922 0.0638297872340425 0.0624113475177305 0.0624113475177305 0.051063829787234 0.0397163120567376 0.0269503546099291 0.0170212765957447 0.0113475177304965 0.00283687943262411 0.00567375886524823 0.00141843971631206 0.00283687943262411 0 0 0 0 0 0 0 0
0.00906344410876133 0.00604229607250755 0.00604229607250755 0.0151057401812689 0.0211480362537764 0.0241691842900302 0.0241691842900302 0.0241691842900302 0.0483383685800604 0.0302114803625378 0.0211480362537764 0.027190332326284 0.0422960725075529 0.0392749244712991 0.0362537764350453 0.0241691842900302 0.0362537764350453 0.0332326283987915 0.00906344410876133 0.0120845921450151 0.00604229607250755 0.00302114803625378 0.00302114803625378 0 0 0 0 0.00302114803625378 0 0 0.0120845921450151 0.00604229607250755 0.0151057401812689 0.0181268882175227 0.0211480362537764 0.0181268882175227 0.0181268882175227 0.027190332326284 0.0362537764350453 0.0302114803625378 0.0422960725075529 0.0422960725075529 0.0422960725075529 0.027190332326284 0.0392749244712991 0.0181268882175227 0.0120845921450151 0.0302114803625378 0.00906344410876133 0.00604229607250755 0.00906344410876133 0.00604229607250755 0 0.00302114803625378 0.00302114803625378 0 0 0 0 0
0.00294117647058824 0 0.00294117647058824 0.0117647058823529 0.00588235294117647 0.0176470588235294 0.0117647058823529 0.0235294117647059 0.0264705882352941 0.0147058823529412 0.0117647058823529 0.0205882352941176 0.0147058823529412 0.0264705882352941 0.0470588235294118 0.0411764705882353 0.0323529411764706 0.0264705882352941 0.0205882352941176 0.0323529411764706 0.0235294117647059 0.0323529411764706 0.0294117647058824 0.0235294117647059 0.0176470588235294 0.00882352941176471 0.00588235294117647 0.00294117647058824 0 0.00882352941176471 0 0.00294117647058824 0.00294117647058824 0.0117647058823529 0.0176470588235294 0.0176470588235294 0.0147058823529412 0.0147058823529412 0.0235294117647059 0.0235294117647059 0.0235294117647059 0.0264705882352941 0.0411764705882353 0.0588235294117647 0.05 0.0441176470588235 0.0264705882352941 0.0147058823529412 0.0205882352941176 0.00588235294117647 0.00588235294117647 0.00294117647058824 0.00294117647058824 0 0.00294117647058824 0 0 0 0 0
0 0 0.000552181115405853 0.00331308669243512 0.00883489784649365 0.0127001656543346 0.0110436223081171 0.0215350635008283 0.0309221424627278 0.0342352291551629 0.0425179458862507 0.0480397570403092 0.0419657647708448 0.0386526780784097 0.0369961347321922 0.0325786858089453 0.0165654334621756 0.0115958034235229 0.0121479845389288 0.00552181115405853 0.0082827167310878 0.00386526780784097 0.00276090557702927 0.00110436223081171 0.00165654334621756 0.00110436223081171 0 0 0 0 0 0.00110436223081171 0.00276090557702927 0.00662617338487024 0.0143567090005522 0.014908890115958 0.0220872446162341 0.0364439536167863 0.0474875759249034 0.0552181115405853 0.078961899503037 0.0728879072335726 0.0712313638873551 0.0585311982330204 0.0430701270016565 0.02263942573164 0.0093870789618995 0.00773053561568194 0.00386526780784097 0.00165654334621756 0 0.000552181115405853 0 0 0 0 0 0 0 0
0 0 0 0 0.00153374233128834 0.00766871165644172 0.00920245398773006 0.0168711656441718 0.0153374233128834 0.0260736196319018 0.0260736196319018 0.049079754601227 0.0567484662576687 0.0690184049079755 0.049079754601227 0.0398773006134969 0.0245398773006135 0.0184049079754601 0.00920245398773006 0.0107361963190184 0.00306748466257669 0.00460122699386503 0 0.00306748466257669 0 0 0 0 0 0 0 0 0 0 0.00460122699386503 0.00766871165644172 0.00613496932515337 0.0276073619631902 0.0245398773006135 0.0552147239263804 0.0736196319018405 0.0874233128834356 0.093558282208589 0.0736196319018405 0.0414110429447853 0.0398773006134969 0.0122699386503067 0.00920245398773006 0.00306748466257669 0 0 0 0 0 0 0 0 0 0 0
0 0 0.00125078173858662 0.00125078173858662 0.00125078173858662 0.00250156347717323 0.00500312695434647 0.0112570356472795 0.00625390869293308 0.0156347717323327 0.0181363352095059 0.0256410256410256 0.0362726704190119 0.040650406504065 0.0581613508442777 0.0431519699812383 0.0350218886804253 0.0281425891181989 0.0212632895559725 0.0125078173858662 0.0187617260787993 0.00687929956222639 0.00562851782363977 0.00437773608505316 0.00500312695434647 0.00125078173858662 0.00187617260787992 0.000625390869293308 0 0.000625390869293308 0 0 0.000625390869293308 0.00312695434646654 0.00250156347717323 0.00500312695434647 0.00562851782363977 0.0125078173858662 0.0206378986866792 0.0356472795497186 0.0681676047529706 0.0919324577861163 0.101313320825516 0.0806754221388368 0.0712945590994371 0.0393996247654784 0.024390243902439 0.0125078173858662 0.00875547217010632 0.00250156347717323 0.00187617260787992 0.00125078173858662 0.000625390869293308 0.000625390869293308 0.000625390869293308 0 0 0 0 0
0 0.00115874855156431 0.00115874855156431 0.00115874855156431 0.00463499420625724 0.00405561993047509 0.00753186558516802 0.0127462340672074 0.0162224797219003 0.0301274623406721 0.0307068366164542 0.0428736964078795 0.041135573580533 0.048667439165701 0.0440324449594438 0.0330243337195828 0.0330243337195828 0.0307068366164542 0.0139049826187717 0.0127462340672074 0.00984936268829664 0.00926998841251448 0.0052143684820394 0.00347624565469293 0.00289687137891078 0.00347624565469293 0.00115874855156431 0.00115874855156431 0 0 0.000579374275782155 0.00115874855156431 0.00231749710312862 0.00173812282734647 0.00405561993047509 0.00695249130938586 0.0104287369640788 0.0225955967555041 0.0307068366164542 0.0330243337195828 0.0579374275782155 0.0840092699884125 0.0845886442641947 0.0758980301274623 0.0608342989571263 0.0370799536500579 0.018539976825029 0.0115874855156431 0.00695249130938586 0.00115874855156431 0.000579374275782155 0.000579374275782155 0 0 0 0 0.000579374275782155 0 0 0
0 0 0 0.000722543352601156 0.00144508670520231 0.00144508670520231 0.00505780346820809 0.00939306358381503 0.00939306358381503 0.0223988439306358 0.0130057803468208 0.0252890173410405 0.0310693641618497 0.0397398843930636 0.0491329479768786 0.0541907514450867 0.0354046242774567 0.0281791907514451 0.0166184971098266 0.0151734104046243 0.0122832369942197 0.0101156069364162 0.00867052023121387 0.00216763005780347 0.00216763005780347 0.00216763005780347 0.000722543352601156 0 0.000722543352601156 0.000722543352601156 0 0 0.000722543352601156 0 0 0.00289017341040462 0.0065028901734104 0.0065028901734104 0.0202312138728324 0.0354046242774567 0.0686416184971098 0.088150289017341 0.109104046242775 0.0968208092485549 0.0773121387283237 0.0455202312138728 0.0216763005780347 0.0115606936416185 0.00505780346820809 0 0.00216763005780347 0.00216763005780347 0.00144508670520231 0.000722543352601156 0 0 0 0 0 0
0 0 0.000789265982636148 0 0.0015785319652723 0.000789265982636148 0.00315706393054459 0.00315706393054459 0.00710339384372534 0.0134175217048145 0.015785319652723 0.0276243093922652 0.0394632991318074 0.0394632991318074 0.0402525651144436 0.0607734806629834 0.0378847671665351 0.0339384372533544 0.0276243093922652 0.0228887134964483 0.015785319652723 0.0165745856353591 0.0134175217048145 0.00631412786108919 0.0015785319652723 0.00552486187845304 0.000789265982636148 0.00236779794790845 0.000789265982636148 0.0015785319652723 0 0 0.000789265982636148 0 0 0.0015785319652723 0.00473559589581689 0.00868192580899763 0.0126282557221784 0.0363062352012628 0.0647198105761642 0.0844514601420679 0.0891870560378848 0.0812943962115233 0.074191002367798 0.0347277032359905 0.0331491712707182 0.0173638516179953 0.00631412786108919 0 0.00473559589581689 0.0015785319652723 0.000789265982636148 0.000789265982636148 0.000789265982636148 0 0.000789265982636148 0 0 0
0.000734214390602056 0.00146842878120411 0.00220264317180617 0.00293685756240822 0.00293685756240822 0.00220264317180617 0.0066079295154185 0.00587371512481645 0.00807635829662261 0.013215859030837 0.0168869309838473 0.0301027900146843 0.0367107195301028 0.038913362701909 0.0359765051395007 0.0352422907488987 0.0279001468428781 0.0220264317180617 0.0234948604992658 0.0198237885462555 0.0146842878120411 0.0124816446402349 0.0146842878120411 0.00587371512481645 0.00146842878120411 0.00220264317180617 0.00146842878120411 0.000734214390602056 0.000734214390602056 0 0 0 0 0.00293685756240822 0.000734214390602056 0.00293685756240822 0.00293685756240822 0.00807635829662261 0.0190895741556534 0.0455212922173275 0.0800293685756241 0.0954478707782673 0.108663729809104 0.0859030837004405 0.0734214390602056 0.039647577092511 0.0212922173274596 0.013215859030837 0.0066079295154185 0.00367107195301028 0.00220264317180617 0 0 0 0 0 0 0 0 0
0 0 0.000510986203372509 0.00306591722023505 0.00357690342360756 0.00408788962698007 0.00766479305058763 0.0132856412876852 0.0122636688809402 0.0204394481349004 0.0204394481349004 0.0327031170158406 0.0434338272866633 0.0413898824731732 0.0470107307102708 0.0357690342360756 0.0306591722023505 0.0275932549821155 0.0255493101686254 0.0275932549821155 0.0189064895247828 0.0137966274910577 0.0132856412876852 0.00766479305058763 0.00459887583035258 0.00153295861011753 0.000510986203372509 0 0 0 0 0 0.000510986203372509 0.00102197240674502 0.00204394481349004 0.00613183444047011 0.00459887583035258 0.00715380684721512 0.0122636688809402 0.0306591722023505 0.0587634133878385 0.085334695963209 0.0889115993868166 0.0858456821665815 0.0710270822687787 0.0378129790495657 0.0229943791517629 0.0117526826775677 0.00459887583035258 0.00306591722023505 0.00459887583035258 0.00153295861011753 0 0.00153295861011753 0 0.000510986203372509 0 0 0 0
0 0 0 0.000954198473282443 0.00333969465648855 0.00429389312977099 0.0133587786259542 0.0157442748091603 0.0181297709923664 0.0205152671755725 0.0205152671755725 0.0229007633587786 0.0209923664122137 0.0295801526717557 0.0252862595419847 0.025763358778626 0.0195610687022901 0.0219465648854962 0.0209923664122137 0.0229007633587786 0.0157442748091603 0.0157442748091603 0.0119274809160305 0.00524809160305344 0.00477099236641221 0.00190839694656489 0.000477099236641221 0.000477099236641221 0.000477099236641221 0 0 0.000954198473282443 0.000477099236641221 0.00381679389312977 0.00429389312977099 0.0066793893129771 0.0124045801526718 0.0219465648854962 0.0314885496183206 0.0434160305343511 0.0739503816793893 0.0877862595419847 0.0901717557251908 0.0973282442748092 0.066793893129771 0.0419847328244275 0.0233778625954198 0.0186068702290076 0.0066793893129771 0.00190839694656489 0.00143129770992366 0.000477099236641221 0.000477099236641221 0 0 0 0 0 0 0
0 0 0.0005941770647653 0.0017825311942959 0.0017825311942959 0.0023767082590612 0.0041592394533571 0.0035650623885918 0.0112893642305407 0.0154486036838978 0.0184194890077243 0.0279263220439691 0.0308972073677956 0.041592394533571 0.0320855614973262 0.0326797385620915 0.0314913844325609 0.0308972073677956 0.0261437908496732 0.0207961972667855 0.0077243018419489 0.011883541295306 0.005941770647653 0.0047534165181224 0.0029708853238265 0.0005941770647653 0.0005941770647653 0 0 0 0 0 0.0005941770647653 0 0.0005941770647653 0.0041592394533571 0.0071301247771836 0.0124777183600713 0.029708853238265 0.041592394533571 0.0736779560308972 0.0956625074272133 0.106357694592989 0.0932857991681521 0.0766488413547237 0.0463458110516934 0.0261437908496732 0.0083184789067142 0.0035650623885918 0.0041592394533571 0.0005941770647653 0.0005941770647653 0 0 0 0 0 0 0 0
0 0 0.00165198237885463 0.00330396475770925 0.00440528634361234 0.00220264317180617 0.00385462555066079 0.00440528634361234 0.0110132158590308 0.0165198237885463 0.0269823788546256 0.0352422907488987 0.0385462555066079 0.0412995594713656 0.0385462555066079 0.0286343612334802 0.026431718061674 0.0363436123348018 0.0220264317180617 0.0159691629955947 0.0143171806167401 0.0143171806167401 0.00495594713656388 0.00275330396475771 0.00440528634361234 0.00275330396475771 0 0 0 0 0 0 0 0.00330396475770925 0.00220264317180617 0.00385462555066079 0.00440528634361234 0.0148678414096916 0.019273127753304 0.0357929515418502 0.0649779735682819 0.0748898678414097 0.0974669603524229 0.0908590308370044 0.0765418502202643 0.0479074889867841 0.0302863436123348 0.0126651982378855 0.0115638766519824 0.00385462555066079 0.00275330396475771 0 0.00165198237885463 0 0 0 0 0 0 0
0.00158982511923688 0.0103338632750397 0.0262321144674086 0.0381558028616852 0.0373608903020668 0.0317965023847377 0.027027027027027 0.0182829888712242 0.0158982511923688 0.0182829888712242 0.0158982511923688 0.0238473767885533 0.0238473767885533 0.0294117647058824 0.0286168521462639 0.0286168521462639 0.0214626391096979 0.0190779014308426 0.0151033386327504 0.0111287758346582 0.0103338632750397 0.00715421303656598 0.00556438791732909 0.00238473767885533 0.00158982511923688 0.00158982511923688 0.000794912559618442 0.000794912559618442 0 0 0.00317965023847377 0.0095389507154213 0.0214626391096979 0.0278219395866455 0.0246422893481717 0.0230524642289348 0.0119236883942766 0.0151033386327504 0.019872813990461 0.0333863275039746 0.0476947535771065 0.0635930047694754 0.0667726550079491 0.0627980922098569 0.0468998410174881 0.0325914149443561 0.0127186009538951 0.00238473767885533 0.00158982511923688 0 0.000794912559618442 0 0 0 0 0 0 0 0 0
0.000477554918815664 0 0.00573065902578797 0.00955109837631328 0.0148042024832856 0.0296084049665712 0.0377268385864374 0.0291308500477555 0.0248328557784145 0.0210124164278892 0.0195797516714422 0.0162368672397326 0.0257879656160458 0.0229226361031519 0.0210124164278892 0.0167144221585482 0.0195797516714422 0.0186246418338109 0.0195797516714422 0.0176695319961796 0.0109837631327603 0.00859598853868195 0.00764087870105062 0.00477554918815664 0.00238777459407832 0.00143266475644699 0.00238777459407832 0.000477554918815664 0 0 0.000955109837631328 0.000955109837631328 0.00477554918815664 0.0143266475644699 0.0243553008595989 0.0353390639923591 0.0296084049665712 0.0238777459407832 0.0296084049665712 0.0391595033428844 0.0463228271251194 0.0630372492836676 0.0759312320916905 0.0706781279847182 0.0577841451766953 0.0358166189111748 0.0200573065902579 0.0105062082139446 0.00238777459407832 0.00286532951289398 0.00143266475644699 0.000477554918815664 0 0 0 0.000477554918815664 0 0 0 0
0.00470219435736677 0.0141065830721003 0.0274294670846395 0.0356583072100313 0.0376175548589342 0.0313479623824451 0.0356583072100313 0.0387931034482759 0.0286050156739812 0.0246865203761755 0.0207680250783699 0.021551724137931 0.0176332288401254 0.0250783699059561 0.0172413793103448 0.0117554858934169 0.0101880877742947 0.0121473354231975 0.00940438871473354 0.00901253918495298 0.00587774294670846 0.00509404388714734 0.00470219435736677 0.00195924764890282 0.00117554858934169 0.00156739811912226 0 0 0 0.000391849529780564 0.00313479623824451 0.0156739811912226 0.0266457680250784 0.0336990595611285 0.0336990595611285 0.0364420062695925 0.0293887147335423 0.0301724137931034 0.0317398119122257 0.0301724137931034 0.0376175548589342 0.0525078369905956 0.0525078369905956 0.0466300940438871 0.0364420062695925 0.0227272727272727 0.0117554858934169 0.00705329153605016 0.00235109717868339 0.00274294670846395 0.00117554858934169 0.00156739811912226 0 0 0 0 0 0 0 0
0.0034385745545483 0.0131291028446389 0.0375117224132541 0.0587683651140982 0.0697092841512973 0.0656455142231947 0.0547045951859956 0.0475148483901219 0.0356361362925914 0.0271959987496093 0.0234448265082838 0.0171928727727415 0.0121913097843076 0.00844013754298218 0.0087527352297593 0.00562675836198812 0.00468896530165677 0.0034385745545483 0.00406376992810253 0.00218818380743982 0.000312597686777118 0.00250078149421694 0.00156298843388559 0.000625195373554236 0.000312597686777118 0 0.000312597686777118 0.000312597686777118 0.000312597686777118 0 0.00375117224132541 0.015942482025633 0.0365739293529228 0.0543919974992185 0.0618943419818693 0.050328227571116 0.0497030321975617 0.0440762738355736 0.037199124726477 0.0309471709909347 0.0221944357611754 0.0203188496405127 0.0178180681462957 0.0171928727727415 0.010628321350422 0.00812753985620506 0.00375117224132541 0.00187558612066271 0.00125039074710847 0.000937793060331354 0.000312597686777118 0.000312597686777118 0 0.000312597686777118 0.000312597686777118 0.000312597686777118 0 0 0 0
0.00125203455615375 0.00425691749092275 0.0125203455615375 0.0356829848503819 0.0669838487542256 0.0812570426943784 0.0736196319018405 0.0682358833103794 0.0473269062226117 0.0395642919744585 0.0306748466257669 0.0201577563540754 0.0137723801176912 0.00776261424815325 0.00475773131338425 0.00338049330161512 0.0025040691123075 0.00212845874546137 0.00137723801176912 0.0005008138224615 0.0005008138224615 0.000375610366846125 0.00025040691123075 0.000375610366846125 0.000125203455615375 0.000125203455615375 0 0 0 0 0.00187805183423062 0.00638537623638412 0.0177788906973832 0.0411919368974584 0.0642293727306874 0.0805058219606861 0.0719919869788406 0.0575935895830725 0.0458244647552272 0.0371854263177664 0.0235382496556905 0.0102666833604607 0.00726180042569175 0.0055089520470765 0.00363090021284587 0.00325528984599975 0.00137723801176912 0.0005008138224615 0.000125203455615375 0.00025040691123075 0.000125203455615375 0.000125203455615375 0 0 0 0 0 0 0 0
0.00547235023041475 0.00619239631336406 0.00820852534562212 0.0214573732718894 0.0449308755760369 0.0665322580645161 0.0787730414746544 0.0741647465437788 0.0616359447004608 0.0535714285714286 0.0335541474654378 0.0211693548387097 0.0128168202764977 0.00864055299539171 0.00532834101382489 0.00446428571428571 0.00144009216589862 0.00115207373271889 0.00100806451612903 0.000576036866359447 0.000576036866359447 0.000432027649769585 0 0.000144009216589862 0.000144009216589862 0.000144009216589862 0 0 0 0.000144009216589862 0.00360023041474654 0.00504032258064516 0.0100806451612903 0.0276497695852535 0.0570276497695853 0.0825172811059908 0.0842453917050691 0.0721486175115207 0.0534274193548387 0.0400345622119816 0.0201612903225806 0.0110887096774194 0.00705645161290323 0.00648041474654378 0.00259216589861751 0.00216013824884793 0.00129608294930876 0.000432027649769585 0.000144009216589862 0.000144009216589862 0 0 0 0 0 0 0 0 0 0
0.0207486184965071 0.0356584297779168 0.0336774059013659 0.0282556563444896 0.0265874257116046 0.0378479824835784 0.0481701595245543 0.0522364716922114 0.0508810343029924 0.0435825252841205 0.0355541653633615 0.0296110937337087 0.0186633302054009 0.0168908351579606 0.0101136482118653 0.00708998018976123 0.00521322072776561 0.00323219685121468 0.00114690856010843 0.00114690856010843 0.00093837973099781 0.000417057658221249 0.000312793243665937 0.000208528829110625 0 0.000104264414555312 0.000104264414555312 0 0 0 0.0186633302054009 0.0273172766134918 0.0272130121989365 0.0243978730059431 0.032739026170368 0.047753101866333 0.0626629131477427 0.0646439370242936 0.0571368991763111 0.0451464915024502 0.0302366802210406 0.0179334793035137 0.0127202585757481 0.0101136482118653 0.00698571577520592 0.00333646126576999 0.001668230632885 0.000729850901887186 0.000104264414555312 0 0 0.000104264414555312 0 0 0 0 0 0 0 0
#: #!
