#_Random_number_seed
1234
#_Number_of_fisheries
1
#_Number_of_projection_years
14
#_Number_of_simulations
1000
#_Begin_year_of_projection
2023
#_Number_of_ages
30
#_Natural_Mortality 2 3 4 5 6 7 8 9 10 11 12 13 14 15 16 17 18 19 20 21 22 23 24 25 26 27 28 29 30 31
 0.0955489 0.0955489 0.0955489 0.0955489 0.0955489 0.0955489 0.0955489 0.0955489 0.0955489 0.0955489 0.0955489 0.0955489 0.0955489 0.0955489 0.0955489 0.0955489 0.0955489 0.0955489 0.0955489 0.0955489 0.0955489 0.0955489 0.0955489 0.0955489 0.0955489 0.0955489 0.0955489 0.0955489 0.0955489 0.0955489
#_2001_TAC_or_best_estimate_of_catch_2001
20.2368
#_F_ratio(must_sum_to_one_only_one_fishery)
1
#5year_Average_F(endyr-4,endyr_as_estimated_by_ADmodel)
0.0483567
#_Author_F_as_fraction_F_40%
1
#_Spawn_month
1
#_Wt_at_age_spawners 2 3 4 5 6 7 8 9 10 11 12 13 14 15 16 17 18 19 20 21 22 23 24 25 26 27 28 29 30 31
 1.31226 1.66455 1.98712 2.25871 2.46804 2.61822 2.74431 2.87527 3.01617 3.16649 3.32769 3.50048 3.68076 3.86192 4.03818 4.20786 4.37293 4.53747 4.70443 4.8762 5.05451 5.2402 5.43288 5.6288 5.82202 6.01221 6.19753 6.37424 6.53819 6.68527
#_Wt_at_age_fishery 2 3 4 5 6 7 8 9 10 11 12 13 14 15 16 17 18 19 20 21 22 23 24 25 26 27 28 29 30 31
 1.31226 1.66455 1.98712 2.25871 2.46804 2.61822 2.74431 2.87527 3.01617 3.16649 3.32769 3.50048 3.68076 3.86192 4.03818 4.20786 4.37293 4.53747 4.70443 4.8762 5.05451 5.2402 5.43288 5.6288 5.82202 6.01221 6.19753 6.37424 6.53819 6.68527
#_Maturity_divided_by_2(projection_program_uses_to_get_female_spawning_biomass_if_divide_by_2 2 3 4 5 6 7 8 9 10 11 12 13 14 15 16 17 18 19 20 21 22 23 24 25 26 27 28 29 30 31
 0.0111877 0.0229032 0.0453716 0.0854484 0.149329 0.232062 0.314739 0.378768 0.418567 0.443752 0.457148 0.46057 0.461698 0.461672 0.461656 0.461925 0.461618 0.460397 0.458579 0.456599 0.454397 0.451504 0.448657 0.446452 0.444252 0.441634 0.439446 0.437568 0.435238 0.422706
#_Selectivity_fishery_scaled_to_max_at_one 2 3 4 5 6 7 8 9 10 11 12 13 14 15 16 17 18 19 20 21 22 23 24 25 26 27 28 29 30 31
 0.0273433 0.4921 0.970924 0.999132 0.999975 0.999999 1 1 1 1 1 1 1 1 1 1 1 1 1 1 1 1 1 1 1 1 1 1 1 1
#_Numbers_at_age_end_year 2 3 4 5 6 7 8 9 10 11 12 13 14 15 16 17 18 19 20 21 22 23 24 25 26 27 28 29 30 31
 22.1685 11.793 34.0178 15.8888 26.039 62.2838 6.55028 20.1748 3.34848 2.00103 0.665072 1.84699 0.864444 2.411 1.28153 0.914641 0.65738 0.463509 0.588612 0.42877 0.403051 1.28086 0.308195 0.283634 0.590537 0.127731 0.249256 0.144621 0.0583366 0.769398
#_N_recruitment_years
43
#_Recruitment_start_at_1977_yearclass=1979_for_age_2_recruits 1979 1980 1981 1982 1983 1984 1985 1986 1987 1988 1989 1990 1991 1992 1993 1994 1995 1996 1997 1998 1999 2000 2001 2002 2003 2004 2005 2006 2007 2008 2009 2010 2011 2012 2013 2014 2015 2016 2017 2018 2019 2020 2021
 22.8023 51.2713 16.8198 15.2542 59.5507 33.0201 8.96966 17.1161 12.9567 4.1247 4.99923 9.79716 10.8818 5.43699 17.4342 6.78599 5.34654 11.2834 16.5495 7.18884 28.1586 11.4661 10.521 36.8069 9.77617 8.80989 10.2493 6.84624 8.24515 9.72051 11.4423 17.9062 5.32797 9.50773 2.8996 7.56977 10.875 55.0895 15.0466 121.369 43.4901 22.8558 42.2828
