#_Random_number_seed
1234
#_Number_of_fisheries
1
#_Number_of_projection_years
14
#_Number_of_simulations
1000
#_Begin_year_of_projection
2023
#_Number_of_ages
30
#_Natural_Mortality 2 3 4 5 6 7 8 9 10 11 12 13 14 15 16 17 18 19 20 21 22 23 24 25 26 27 28 29 30 31
 0.101044 0.101044 0.101044 0.101044 0.101044 0.101044 0.101044 0.101044 0.101044 0.101044 0.101044 0.101044 0.101044 0.101044 0.101044 0.101044 0.101044 0.101044 0.101044 0.101044 0.101044 0.101044 0.101044 0.101044 0.101044 0.101044 0.101044 0.101044 0.101044 0.101044
#_2001_TAC_or_best_estimate_of_catch_2001
20.2368
#_F_ratio(must_sum_to_one_only_one_fishery)
1
#5year_Average_F(endyr-4,endyr_as_estimated_by_ADmodel)
0.0412692
#_Author_F_as_fraction_F_40%
1
#_Spawn_month
1
#_Wt_at_age_spawners 2 3 4 5 6 7 8 9 10 11 12 13 14 15 16 17 18 19 20 21 22 23 24 25 26 27 28 29 30 31
 1.1289 1.5716 2.0231 2.4639 2.8806 3.2653 3.614 3.9258 4.2014 4.4427 4.6527 4.8342 4.9903 5.1242 5.2385 5.336 5.4188 5.4891 5.5486 5.599 5.6416 5.6775 5.7079 5.7335 5.755 5.7732 5.7885 5.8014 5.8122 5.8455
#_Wt_at_age_fishery 2 3 4 5 6 7 8 9 10 11 12 13 14 15 16 17 18 19 20 21 22 23 24 25 26 27 28 29 30 31
 1.1289 1.5716 2.0231 2.4639 2.8806 3.2653 3.614 3.9258 4.2014 4.4427 4.6527 4.8342 4.9903 5.1242 5.2385 5.336 5.4188 5.4891 5.5486 5.599 5.6416 5.6775 5.7079 5.7335 5.755 5.7732 5.7885 5.8014 5.8122 5.8455
#_Maturity_divided_by_2(projection_program_uses_to_get_female_spawning_biomass_if_divide_by_2 2 3 4 5 6 7 8 9 10 11 12 13 14 15 16 17 18 19 20 21 22 23 24 25 26 27 28 29 30 31
 0.0111877 0.0229302 0.045559 0.0863282 0.151295 0.235569 0.320193 0.385998 0.427487 0.45343 0.463566 0.467302 0.469634 0.471065 0.472476 0.473774 0.474042 0.473371 0.472268 0.471379 0.470066 0.467756 0.465676 0.46453 0.463061 0.460714 0.459495 0.458308 0.456829 0.458219
#_Selectivity_fishery_scaled_to_max_at_one 2 3 4 5 6 7 8 9 10 11 12 13 14 15 16 17 18 19 20 21 22 23 24 25 26 27 28 29 30 31
 0.0205165 0.540854 0.985129 0.999732 0.999995 1 1 1 1 1 1 1 1 1 1 1 1 1 1 1 1 1 1 1 1 1 1 1 1 1
#_Numbers_at_age_end_year 2 3 4 5 6 7 8 9 10 11 12 13 14 15 16 17 18 19 20 21 22 23 24 25 26 27 28 29 30 31
 23.5583 33.3109 47.2231 5.80225 37.7875 50.0768 9.20275 18.2955 3.53388 1.93397 0.671777 1.89371 1.0505 2.3871 1.47101 0.896767 0.736417 0.462798 0.668286 0.40518 0.527731 1.3255 0.348851 0.305385 0.630171 0.127061 0.279364 0.133143 0.0701449 0.806867
#_N_recruitment_years
43
#_Recruitment_start_at_1977_yearclass=1979_for_age_2_recruits 1979 1980 1981 1982 1983 1984 1985 1986 1987 1988 1989 1990 1991 1992 1993 1994 1995 1996 1997 1998 1999 2000 2001 2002 2003 2004 2005 2006 2007 2008 2009 2010 2011 2012 2013 2014 2015 2016 2017 2018 2019 2020 2021
 24.9946 28.8293 43.8692 11.3796 49.5351 35.4179 7.81239 15.3619 18.0484 5.655 6.86623 8.59233 19.0533 5.41768 20.4669 6.10488 6.56552 10.5384 18.7 7.16901 29.8934 12.1888 11.6771 37.0799 12.3692 7.99925 11.1286 6.5061 8.76732 9.05779 12.5741 17.1718 6.34296 9.63042 2.90454 7.26547 11.5068 50.4046 21.4218 99.0469 64.0481 8.46129 59.3191
