#Species name here:
GOA_SABLE
#SSL Species?
0
#Constant buffer of Dorn?
0
#Number of fisheries?
2
#Number of sexes?
2
#5year_Average_F(endyr-4,endyr_as_estimated_by_ADmodel)
0.0589854
#_Author_F_as_fraction_F_40%
1
#ABC SPR
0.4
#MSY SPR
0.35
#_Spawn_month
1
#_Number_of_ages
30
#_F_ratio(must_sum_to_one_only_one_fishery)
0.715572 0.284428
#_Natural_Mortality 2 3 4 5 6 7 8 9 10 11 12 13 14 15 16 17 18 19 20 21 22 23 24 25 26 27 28 29 30 31
 0.101044 0.101044 0.101044 0.101044 0.101044 0.101044 0.101044 0.101044 0.101044 0.101044 0.101044 0.101044 0.101044 0.101044 0.101044 0.101044 0.101044 0.101044 0.101044 0.101044 0.101044 0.101044 0.101044 0.101044 0.101044 0.101044 0.101044 0.101044 0.101044 0.101044
#_Natural_Mortality 2 3 4 5 6 7 8 9 10 11 12 13 14 15 16 17 18 19 20 21 22 23 24 25 26 27 28 29 30 31
 0.101044 0.101044 0.101044 0.101044 0.101044 0.101044 0.101044 0.101044 0.101044 0.101044 0.101044 0.101044 0.101044 0.101044 0.101044 0.101044 0.101044 0.101044 0.101044 0.101044 0.101044 0.101044 0.101044 0.101044 0.101044 0.101044 0.101044 0.101044 0.101044 0.101044
#_Maturity_divided_by_2(projection_program_uses_to_get_female_spawning_biomass_if_divide_by_2 2 3 4 5 6 7 8 9 10 11 12 13 14 15 16 17 18 19 20 21 22 23 24 25 26 27 28 29 30 31
 0.0223754 0.0460186 0.0922865 0.176468 0.311118 0.48767 0.667353 0.808734 0.89911 0.949451 0.975362 0.988157 0.994346 0.997309 0.998721 0.999393 0.999712 0.999863 0.999935 0.999969 0.999985 0.999993 0.999997 0.999998 0.999999 1 1 1 1 1
#_Wt_at_age_spawners 2 3 4 5 6 7 8 9 10 11 12 13 14 15 16 17 18 19 20 21 22 23 24 25 26 27 28 29 30 31
 1.1289 1.5716 2.0231 2.4639 2.8806 3.2653 3.614 3.9258 4.2014 4.4427 4.6527 4.8342 4.9903 5.1242 5.2385 5.336 5.4188 5.4891 5.5486 5.599 5.6416 5.6775 5.7079 5.7335 5.755 5.7732 5.7885 5.8014 5.8122 5.8455
#_Wt_at_age_fishery1 female 2 3 4 5 6 7 8 9 10 11 12 13 14 15 16 17 18 19 20 21 22 23 24 25 26 27 28 29 30 31
 1.1289 1.5716 2.0231 2.4639 2.8806 3.2653 3.614 3.9258 4.2014 4.4427 4.6527 4.8342 4.9903 5.1242 5.2385 5.336 5.4188 5.4891 5.5486 5.599 5.6416 5.6775 5.7079 5.7335 5.755 5.7732 5.7885 5.8014 5.8122 5.8455
#_Wt_at_age_fishery2 female 2 3 4 5 6 7 8 9 10 11 12 13 14 15 16 17 18 19 20 21 22 23 24 25 26 27 28 29 30 31
 1.1289 1.5716 2.0231 2.4639 2.8806 3.2653 3.614 3.9258 4.2014 4.4427 4.6527 4.8342 4.9903 5.1242 5.2385 5.336 5.4188 5.4891 5.5486 5.599 5.6416 5.6775 5.7079 5.7335 5.755 5.7732 5.7885 5.8014 5.8122 5.8455
#_Wt_at_age_spawners1 male 2 3 4 5 6 7 8 9 10 11 12 13 14 15 16 17 18 19 20 21 22 23 24 25 26 27 28 29 30 31
 1.0695 1.4409 1.7768 2.0663 2.3077 2.5044 2.6622 2.7872 2.8854 2.962 3.0214 3.0674 3.1029 3.1302 3.1511 3.1672 3.1796 3.189 3.1963 3.2018 3.2061 3.2093 3.2118 3.2137 3.2152 3.2163 3.2171 3.2178 3.2183 3.2193
#_Wt_at_age_fishery2 male 2 3 4 5 6 7 8 9 10 11 12 13 14 15 16 17 18 19 20 21 22 23 24 25 26 27 28 29 30 31
 1.0695 1.4409 1.7768 2.0663 2.3077 2.5044 2.6622 2.7872 2.8854 2.962 3.0214 3.0674 3.1029 3.1302 3.1511 3.1672 3.1796 3.189 3.1963 3.2018 3.2061 3.2093 3.2118 3.2137 3.2152 3.2163 3.2171 3.2178 3.2183 3.2193
#_Selectivity_fishery_scaled_to_max_at_one 2 3 4 5 6 7 8 9 10 11 12 13 14 15 16 17 18 19 20 21 22 23 24 25 26 27 28 29 30 31
 0.0205165 0.540854 0.985129 0.999732 0.999995 1 1 1 1 1 1 1 1 1 1 1 1 1 1 1 1 1 1 1 1 1 1 1 1 1
 0.26622 0.608533 0.851676 0.975069 1 0.956604 0.872171 0.767716 0.657865 0.551916 0.455162 0.370094 0.297371 0.236532 0.186505 0.145947 0.113449 0.0876675 0.0673887 0.0515563 0.0392756 0.0298045 0.0225377 0.0169878 0.0127666 0.00956817 0.00715297 0.00533491 0.00397029 0.00294874
#_Selectivity_fishery_scaled_to_max_at_one 2 3 4 5 6 7 8 9 10 11 12 13 14 15 16 17 18 19 20 21 22 23 24 25 26 27 28 29 30 31
 0.0691205 0.394202 0.850803 0.980382 0.997722 0.99974 0.99997 0.999997 1 1 1 1 1 1 1 1 1 1 1 1 1 1 1 1 1 1 1 1 1 1
 0.234448 0.447221 0.619903 0.75396 0.853616 0.923632 0.968626 0.992827 1 0.993432 0.975959 0.950002 0.91761 0.880504 0.840115 0.797625 0.754002 0.710027 0.666327 0.623395 0.58161 0.541261 0.502555 0.465639 0.430603 0.397496 0.366333 0.337098 0.309757 0.284258
#_Numbers_at_age_end_year 2 3 4 5 6 7 8 9 10 11 12 13 14 15 16 17 18 19 20 21 22 23 24 25 26 27 28 29 30 31
 11.7791 16.5982 23.3126 2.83846 18.3758 24.1896 4.41543 8.73218 1.68021 0.923605 0.319279 0.895542 0.496155 1.12751 0.695906 0.425123 0.349193 0.219105 0.31563 0.190999 0.248072 0.620014 0.162452 0.14186 0.291808 0.0585389 0.128366 0.0610205 0.0320442 0.369722
 11.7791 16.7128 23.9105 2.96378 19.4117 25.8872 4.78732 9.5633 1.85368 1.01036 0.352498 0.99817 0.554342 1.25959 0.775102 0.471645 0.387224 0.243693 0.352656 0.214181 0.279659 0.705485 0.186399 0.163524 0.338363 0.0685223 0.150997 0.0721225 0.0381007 0.437145
#_N_recruitment_years
43
#_Recruitment_start_at_1977_yearclass=1979_for_age_2_recruits 1979 1980 1981 1982 1983 1984 1985 1986 1987 1988 1989 1990 1991 1992 1993 1994 1995 1996 1997 1998 1999 2000 2001 2002 2003 2004 2005 2006 2007 2008 2009 2010 2011 2012 2013 2014 2015 2016 2017 2018 2019 2020 2021
 24.9946 28.8293 43.8692 11.3796 49.5351 35.4179 7.81239 15.3619 18.0484 5.655 6.86623 8.59233 19.0533 5.41768 20.4669 6.10488 6.56552 10.5384 18.7 7.16901 29.8934 12.1888 11.6771 37.0799 12.3692 7.99925 11.1286 6.5061 8.76732 9.05779 12.5741 17.1718 6.34296 9.63042 2.90454 7.26547 11.5068 50.4046 21.4218 99.0469 64.0481 8.46129 59.3191
#_Spawners per recruitment (starting at 1977)
 195.105 183.576 177.256 169.598 163.011 156.339 153.247 154.693 160.013 168.022 172.333 173.019 169.326 162.409 153.389 143.557 133.677 122.708 113.075 105.815 100.416 96.0994 92.2897 89.0885 85.9004 85.1539 85.6681 86.5621 87.9888 90.2269 92.3464 92.8005 91.8107 89.7124 87.0371 83.6734 80.2778 77.4605 75.6744 74.1211 73.0697 73.5869
