ParName   Value   Gradient
log_rec_dev(1932)   -0.0472434 -3.94554e-06
log_rec_dev(1933)    -0.048782 -3.15946e-06
log_rec_dev(1934)   -0.0504945 -3.73441e-06
log_rec_dev(1935)   -0.0523992 -4.52032e-06
log_rec_dev(1936)   -0.0544701 -4.19549e-06
log_rec_dev(1937)   -0.0567238  -3.1695e-06
log_rec_dev(1938)   -0.0591778 -3.14265e-06
log_rec_dev(1939)   -0.0618536 -2.98655e-06
log_rec_dev(1940)   -0.0647436 -3.25363e-06
log_rec_dev(1941)   -0.0678711 -2.65285e-06
log_rec_dev(1942)    -0.071278 -2.52194e-06
log_rec_dev(1943)    -0.074965 -4.00544e-06
log_rec_dev(1944)   -0.0789278 -2.36714e-06
log_rec_dev(1945)   -0.0832001 -1.96441e-06
log_rec_dev(1946)   -0.0878282  -1.8193e-06
log_rec_dev(1947)   -0.0928329 -1.83615e-06
log_rec_dev(1948)   -0.0982155 -1.32097e-06
log_rec_dev(1949)    -0.103985  -1.8851e-06
log_rec_dev(1950)    -0.110117 -2.61081e-06
log_rec_dev(1951)    -0.117035 -2.88493e-06
log_rec_dev(1952)    -0.123827 -6.99703e-07
log_rec_dev(1953)    -0.130979 -2.26755e-06
log_rec_dev(1954)    -0.138107 -7.32923e-07
log_rec_dev(1955)    -0.144383 -2.89924e-06
log_rec_dev(1956)     -0.15029 -1.55269e-06
log_rec_dev(1957)    -0.154835 -1.27297e-06
log_rec_dev(1958)    -0.157177 -6.62554e-07
log_rec_dev(1959)    -0.156502  7.34204e-07
log_rec_dev(1960)    -0.153696 -1.03583e-07
log_rec_dev(1961)    -0.142594 -5.88412e-06
log_rec_dev(1962)   -0.0951761 -5.67976e-06
log_rec_dev(1963)    0.0289042 -8.46733e-06
log_rec_dev(1964)     0.135581 -8.81138e-06
log_rec_dev(1965)     0.142967 -1.28273e-06
log_rec_dev(1966)     0.107759  -4.5801e-06
log_rec_dev(1967)    0.0909638  -1.8591e-06
log_rec_dev(1968)     0.049638 -2.74064e-06
log_rec_dev(1969)   -0.0173428 -3.21959e-06
log_rec_dev(1970)   -0.0571435 -4.20836e-06
log_rec_dev(1971)   -0.0987643 -3.57085e-06
log_rec_dev(1972)    -0.149579 -7.19194e-06
log_rec_dev(1973)    -0.182544 -8.63145e-06
log_rec_dev(1974)     -0.20625  -1.2905e-05
log_rec_dev(1975)     -1.04915 -4.70344e-06
log_rec_dev(1976)     -1.08502 -1.67181e-05
log_rec_dev(1977)    -0.970297 -8.30558e-06
log_rec_dev(1978)     -0.40928 -1.62344e-05
log_rec_dev(1979)        1.281 -6.79559e-05
log_rec_dev(1980)    0.0186454 -1.49859e-05
log_rec_dev(1981)     0.234619 -1.49179e-05
log_rec_dev(1982)      1.45148 -3.81932e-05
log_rec_dev(1983)      1.39809 -1.42721e-05
log_rec_dev(1984)    -0.509315  2.20551e-06
log_rec_dev(1985)     0.120573  1.09656e-05
log_rec_dev(1986)    0.0695885  2.02696e-05
log_rec_dev(1987)     -1.24906   6.8417e-06
log_rec_dev(1988)     -1.16337  1.16901e-05
log_rec_dev(1989)    -0.948178   5.2903e-06
log_rec_dev(1990)     -0.67364 -1.33919e-06
log_rec_dev(1991)      0.48878 -5.27239e-07
log_rec_dev(1992)    -0.972777 -2.36273e-06
log_rec_dev(1993)     0.310027 -1.77501e-06
log_rec_dev(1994)     -0.26122  6.79997e-07
log_rec_dev(1995)    -0.541203 -3.97425e-07
log_rec_dev(1996)   -0.0157724 -1.18797e-06
log_rec_dev(1997)     0.487082 -8.54779e-06
log_rec_dev(1998)    -0.493671  -4.8474e-06
log_rec_dev(1999)     0.994215 -1.53854e-05
log_rec_dev(2000)    0.0517807 -2.21994e-06
log_rec_dev(2001)    0.0133721 -5.43762e-06
log_rec_dev(2002)      1.23546 -1.18522e-05
log_rec_dev(2003)   -0.0613466 -4.44585e-06
log_rec_dev(2004)    -0.204094 -2.87277e-06
log_rec_dev(2005)   -0.0351126  7.02326e-06
log_rec_dev(2006)    -0.470432  7.21981e-06
log_rec_dev(2007)    -0.216791  1.90505e-05
log_rec_dev(2008)    -0.163215  1.95543e-05
log_rec_dev(2009)     0.110353  3.78291e-05
log_rec_dev(2010)     0.457382  4.37905e-05
log_rec_dev(2011)    -0.585038  6.09263e-06
log_rec_dev(2012)    -0.178257  8.71344e-06
log_rec_dev(2013)     -1.28031  1.21631e-07
log_rec_dev(2014)    -0.391455  2.17324e-06
log_rec_dev(2015)    0.0546947  5.90638e-06
log_rec_dev(2016)      1.61769  1.97366e-05
log_rec_dev(2017)      0.41889  2.00331e-06
log_rec_dev(2018)      2.39494  1.78048e-05
log_rec_dev(2019)      1.69191  6.36513e-06
log_rec_dev(2020)     0.922821    1.011e-06
log_rec_dev(2021)      2.00284   7.6296e-06
log_rec_dev(2022)    -0.712698 -2.16734e-06
log_mean_rec       3.3394  8.47158e-05
logm     -2.21035 -2.07636e-05
log_avg_F_fish1     -3.18469  5.93508e-05
log_F_devs_fish1(1960)     -2.05222 -7.25319e-06
log_F_devs_fish1(1961)    -0.388237 -6.91664e-07
log_F_devs_fish1(1962)     0.143903  9.50929e-07
log_F_devs_fish1(1963)    -0.737842  7.90251e-07
log_F_devs_fish1(1964)     -1.89414 -5.37013e-06
log_F_devs_fish1(1965)     -3.19618 -4.74522e-06
log_F_devs_fish1(1966)     -1.76578 -7.52495e-06
log_F_devs_fish1(1967)     -1.73982 -7.39866e-06
log_F_devs_fish1(1968)    -0.674085 -2.93258e-06
log_F_devs_fish1(1969)    -0.325239 -1.60388e-06
log_F_devs_fish1(1970)     0.105274 -7.97815e-07
log_F_devs_fish1(1971)     0.170802 -7.04625e-07
log_F_devs_fish1(1972)     0.468203  9.87947e-07
log_F_devs_fish1(1973)     0.337387  1.81619e-06
log_F_devs_fish1(1974)     0.496038  3.72043e-06
log_F_devs_fish1(1975)     0.460009  4.31161e-06
log_F_devs_fish1(1976)     0.610591  6.22516e-06
log_F_devs_fish1(1977)     0.383043  4.42969e-06
log_F_devs_fish1(1978)    -0.294842 -6.23549e-07
log_F_devs_fish1(1979)    -0.134239  3.29503e-08
log_F_devs_fish1(1980)    -0.396234 -4.59336e-06
log_F_devs_fish1(1981)    -0.318237 -1.55333e-06
log_F_devs_fish1(1982)    -0.464372 -4.67319e-06
log_F_devs_fish1(1983)    -0.507012 -6.46331e-06
log_F_devs_fish1(1984)     -0.59096 -1.03221e-05
log_F_devs_fish1(1985)    -0.457504 -4.95649e-06
log_F_devs_fish1(1986)    0.0270785 -4.28535e-06
log_F_devs_fish1(1987)     0.307319 -2.21141e-06
log_F_devs_fish1(1988)     0.439635 -1.97186e-06
log_F_devs_fish1(1989)     0.487662 -6.63677e-07
log_F_devs_fish1(1990)     0.503769 -5.74771e-07
log_F_devs_fish1(1991)     0.467226  -3.4507e-06
log_F_devs_fish1(1992)     0.416505 -2.90477e-06
log_F_devs_fish1(1993)      0.53733 -3.59526e-06
log_F_devs_fish1(1994)     0.521344 -4.39684e-06
log_F_devs_fish1(1995)     0.514002 -1.47211e-06
log_F_devs_fish1(1996)     0.368707 -6.30708e-06
log_F_devs_fish1(1997)     0.272464  1.41078e-06
log_F_devs_fish1(1998)     0.297373  1.57351e-06
log_F_devs_fish1(1999)     0.266168  1.59889e-06
log_F_devs_fish1(2000)     0.469776  8.62234e-07
log_F_devs_fish1(2001)      0.33797 -4.11254e-06
log_F_devs_fish1(2002)     0.300195 -3.60097e-06
log_F_devs_fish1(2003)     0.453555 -2.73863e-07
log_F_devs_fish1(2004)     0.532935 -1.82443e-06
log_F_devs_fish1(2005)     0.393189 -1.25151e-06
log_F_devs_fish1(2006)     0.377909 -3.31837e-06
log_F_devs_fish1(2007)     0.432203 -3.45985e-06
log_F_devs_fish1(2008)     0.375323 -1.74457e-06
log_F_devs_fish1(2009)     0.339129 -2.92222e-08
log_F_devs_fish1(2010)      0.31014 -8.77243e-07
log_F_devs_fish1(2011)     0.483138 -2.24256e-06
log_F_devs_fish1(2012)     0.612808 -1.20599e-06
log_F_devs_fish1(2013)     0.582955  1.78601e-06
log_F_devs_fish1(2014)      0.42218  1.27938e-06
log_F_devs_fish1(2015)     0.402593  2.16887e-06
log_F_devs_fish1(2016)     0.308422  4.93791e-06
log_F_devs_fish1(2017)     0.299531  2.56958e-06
log_F_devs_fish1(2018)     0.169111  2.83332e-06
log_F_devs_fish1(2019)    -0.018105  1.26389e-06
log_F_devs_fish1(2020)    -0.307122 -1.27635e-06
log_F_devs_fish1(2021)    -0.121056  5.08238e-07
log_F_devs_fish1(2022)     0.152047   3.6229e-06
log_F_devs_fish1(2023)    0.0262813  4.73722e-06
log_avg_F_fish3     -4.36584 -0.000160433
log_F_devs_fish3(1963)     0.198856  1.18405e-06
log_F_devs_fish3(1964)    -0.247615  8.33156e-07
log_F_devs_fish3(1965)     0.409862  2.03145e-06
log_F_devs_fish3(1966)     0.816792  2.97432e-06
log_F_devs_fish3(1967)      1.07801  3.66878e-06
log_F_devs_fish3(1968)      1.34967  5.11024e-06
log_F_devs_fish3(1969)      1.45805  6.13377e-06
log_F_devs_fish3(1970)      1.15193  5.29091e-06
log_F_devs_fish3(1971)      1.51475   6.9902e-06
log_F_devs_fish3(1972)      1.76288  8.37939e-06
log_F_devs_fish3(1973)      1.24998  7.99694e-06
log_F_devs_fish3(1974)     0.891511  7.21671e-06
log_F_devs_fish3(1975)      0.62194  4.35403e-06
log_F_devs_fish3(1976)     0.639641  3.72785e-06
log_F_devs_fish3(1977)    -0.219783  4.58378e-06
log_F_devs_fish3(1978)      -0.9127  5.52403e-06
log_F_devs_fish3(1979)    -0.736694 -5.22442e-07
log_F_devs_fish3(1980)    -0.524672  3.09943e-06
log_F_devs_fish3(1981)    -0.821335  2.20479e-06
log_F_devs_fish3(1982)    -0.791273 -4.18553e-07
log_F_devs_fish3(1983)      -1.0122  1.22086e-07
log_F_devs_fish3(1984)    -0.241037   -9.046e-07
log_F_devs_fish3(1985)     -1.22507 -6.22612e-07
log_F_devs_fish3(1986)      0.32532 -5.00032e-07
log_F_devs_fish3(1987)     0.387752 -6.48935e-07
log_F_devs_fish3(1988)     0.628401  2.87532e-07
log_F_devs_fish3(1989)     0.498599 -1.20636e-06
log_F_devs_fish3(1990)     0.152536  3.05014e-07
log_F_devs_fish3(1991)     -0.17316 -5.03354e-07
log_F_devs_fish3(1992)    -0.150851   7.2324e-08
log_F_devs_fish3(1993)    -0.213717 -2.71237e-06
log_F_devs_fish3(1994)    0.0304802  1.48199e-07
log_F_devs_fish3(1995)  -0.00293455  -4.8487e-08
log_F_devs_fish3(1996)    -0.177725 -4.27803e-07
log_F_devs_fish3(1997)    -0.436873   2.6991e-08
log_F_devs_fish3(1998)    -0.484233   8.0789e-07
log_F_devs_fish3(1999)    -0.189975 -1.02362e-06
log_F_devs_fish3(2000)    -0.150537  3.38134e-08
log_F_devs_fish3(2001)    -0.319745 -6.67878e-07
log_F_devs_fish3(2002)    -0.153696  -1.8986e-06
log_F_devs_fish3(2003)    -0.260766   9.0726e-07
log_F_devs_fish3(2004)    -0.476259 -8.92771e-08
log_F_devs_fish3(2005)    -0.568336  1.08817e-06
log_F_devs_fish3(2006)    -0.761486  4.44637e-07
log_F_devs_fish3(2007)    -0.751741  3.67377e-08
log_F_devs_fish3(2008)    -0.816472  1.49471e-06
log_F_devs_fish3(2009)    -0.819175  3.21017e-06
log_F_devs_fish3(2010)    -0.823457  4.32345e-06
log_F_devs_fish3(2011)     -0.57438  1.73267e-06
log_F_devs_fish3(2012)    -0.567879  3.22214e-06
log_F_devs_fish3(2013)    -0.617778  3.71979e-06
log_F_devs_fish3(2014)    -0.614656  1.79622e-06
log_F_devs_fish3(2015)     -0.53174  2.19642e-06
log_F_devs_fish3(2016)    -0.321794  2.92337e-06
log_F_devs_fish3(2017)     0.126376 -7.28429e-08
log_F_devs_fish3(2018)     0.448947 -2.48596e-06
log_F_devs_fish3(2019)     0.531486 -2.20303e-06
log_F_devs_fish3(2020)     0.719101 -3.61029e-07
log_F_devs_fish3(2021)     0.118143  4.87337e-07
log_F_devs_fish3(2022)     0.198741 -4.53071e-07
log_F_devs_fish3(2023)     0.381971  2.00784e-06
log_q_srv1      1.80104  0.000156481
log_q_srv2      1.44861 -4.84271e-05
log_q_srv6      1.46916 -2.55753e-07
log_q_srv7    -0.189875 -2.46929e-06
log_q_srv8     -6.62069  2.10716e-05
log_q_LL_fish_recent     -7.25106  1.86816e-05
log_a50_fish1_f     0.932205  3.62013e-06
log_delta_fish1_f     0.863012 -4.66834e-06
log_a50_fish1_m     0.986609  4.36978e-07
log_a50_fish3_f       1.9818  7.18592e-06
log_delta_fish3_f      2.13472 -2.17156e-05
log_a50_fish3_m      2.75776  1.86005e-05
log_delta_fish3_m      2.94764 -1.29434e-05
log_a50_fish4_f      1.12511  3.73222e-06
log_delta_fish4_f      1.01066  8.72028e-07
log_a50_fish4_m      1.19964  -1.3311e-05
log_delta_fish4_m     0.669513 -1.97049e-06
log_a50_fish5_f     0.692397  4.92147e-07
log_delta_fish5_f      1.28599 -1.71083e-06
log_a50_fish5_m     0.845938 -3.85877e-06
log_delta_fish5_m     0.615873   2.6633e-07
log_a50_srv1_f      1.07441 -1.59289e-05
log_delta_srv1_f     0.708564  3.75006e-06
log_a50_srv1_m     0.924732 -8.14024e-06
log_delta_srv1_m      0.77474  9.51194e-07
log_a50_srv7_f    -0.361059  1.67781e-06
log_a50_srv7_m       -1.557 -3.98659e-06
log_a50_srv10_f      0.70157 -1.06214e-05
log_delta_srv10_f     0.930165 -3.70563e-06
log_a50_srv10_m     0.637583 -2.78287e-06
log_delta_srv10_m      1.04988 -1.89232e-06
