#_Random_number_seed
1234
#_Number_of_fisheries
1
#_Number_of_projection_years
14
#_Number_of_simulations
1000
#_Begin_year_of_projection
2023
#_Number_of_ages
30
#_Natural_Mortality 2 3 4 5 6 7 8 9 10 11 12 13 14 15 16 17 18 19 20 21 22 23 24 25 26 27 28 29 30 31
 0.109662 0.109662 0.109662 0.109662 0.109662 0.109662 0.109662 0.109662 0.109662 0.109662 0.109662 0.109662 0.109662 0.109662 0.109662 0.109662 0.109662 0.109662 0.109662 0.109662 0.109662 0.109662 0.109662 0.109662 0.109662 0.109662 0.109662 0.109662 0.109662 0.109662
#_2001_TAC_or_best_estimate_of_catch_2001
20.2368
#_F_ratio(must_sum_to_one_only_one_fishery)
1
#5year_Average_F(endyr-4,endyr_as_estimated_by_ADmodel)
0.0396895
#_Author_F_as_fraction_F_40%
1
#_Spawn_month
1
#_Wt_at_age_spawners 2 3 4 5 6 7 8 9 10 11 12 13 14 15 16 17 18 19 20 21 22 23 24 25 26 27 28 29 30 31
 1.19991 1.52822 1.83955 2.12891 2.36569 2.53628 2.65999 2.77502 2.90015 3.04915 3.23005 3.43884 3.66695 3.89994 4.12175 4.32358 4.50519 4.67196 4.82832 4.97399 5.10857 5.23606 5.36043 5.4835 5.6106 5.74226 5.87962 6.02337 6.17018 6.31603
#_Wt_at_age_fishery 2 3 4 5 6 7 8 9 10 11 12 13 14 15 16 17 18 19 20 21 22 23 24 25 26 27 28 29 30 31
 1.19991 1.52822 1.83955 2.12891 2.36569 2.53628 2.65999 2.77502 2.90015 3.04915 3.23005 3.43884 3.66695 3.89994 4.12175 4.32358 4.50519 4.67196 4.82832 4.97399 5.10857 5.23606 5.36043 5.4835 5.6106 5.74226 5.87962 6.02337 6.17018 6.31603
#_Maturity_divided_by_2(projection_program_uses_to_get_female_spawning_biomass_if_divide_by_2 2 3 4 5 6 7 8 9 10 11 12 13 14 15 16 17 18 19 20 21 22 23 24 25 26 27 28 29 30 31
 0.0111877 0.0229143 0.0454835 0.0859455 0.150378 0.233739 0.316904 0.380882 0.42027 0.444287 0.456446 0.460137 0.461766 0.462272 0.462801 0.463646 0.464217 0.464289 0.46406 0.46381 0.46348 0.462541 0.461504 0.460903 0.460146 0.458834 0.457816 0.457023 0.455893 0.447617
#_Selectivity_fishery_scaled_to_max_at_one 2 3 4 5 6 7 8 9 10 11 12 13 14 15 16 17 18 19 20 21 22 23 24 25 26 27 28 29 30 31
 0.026267 0.501356 0.974009 0.999285 0.999981 0.999999 1 1 1 1 1 1 1 1 1 1 1 1 1 1 1 1 1 1 1 1 1 1 1 1
#_Numbers_at_age_end_year 2 3 4 5 6 7 8 9 10 11 12 13 14 15 16 17 18 19 20 21 22 23 24 25 26 27 28 29 30 31
 28.2021 12.3827 46.5918 16.2796 36.0981 74.6845 8.7883 24.5836 4.34381 2.38725 0.847467 2.15458 1.19973 2.83099 1.66842 1.06686 0.855183 0.561448 0.732876 0.522328 0.508434 1.56417 0.386741 0.338574 0.734495 0.140013 0.315253 0.161638 0.0810428 0.899802
#_N_recruitment_years
43
#_Recruitment_start_at_1977_yearclass=1979_for_age_2_recruits 1979 1980 1981 1982 1983 1984 1985 1986 1987 1988 1989 1990 1991 1992 1993 1994 1995 1996 1997 1998 1999 2000 2001 2002 2003 2004 2005 2006 2007 2008 2009 2010 2011 2012 2013 2014 2015 2016 2017 2018 2019 2020 2021
 101.534 13.9858 18.6532 67.6855 68.9575 11.0021 22.1973 22.6687 6.51646 7.62955 10.1677 6.99893 22.3802 5.18941 18.7168 10.5717 7.99002 13.5126 22.3422 8.37897 37.0998 14.457 13.9122 47.2217 12.9106 11.1932 13.2538 8.57597 11.0519 11.6602 15.329 21.6884 7.64734 11.4861 3.81557 9.28074 14.4992 69.2056 20.8695 150.556 62.2591 24.1001 59.278
