#Species name here:
GOA_SABLE
#SSL Species?
0
#Constant buffer of Dorn?
0
#Number of fisheries?
2
#Number of sexes?
2
#5year_Average_F(endyr-4,endyr_as_estimated_by_ADmodel)
0.0589092
#_Author_F_as_fraction_F_40%
1
#ABC SPR
0.4
#MSY SPR
0.35
#_Spawn_month
1
#_Number_of_ages
30
#_F_ratio(must_sum_to_one_only_one_fishery)
0.695395 0.304605
#_Natural_Mortality 2 3 4 5 6 7 8 9 10 11 12 13 14 15 16 17 18 19 20 21 22 23 24 25 26 27 28 29 30 31
 0.109662 0.109662 0.109662 0.109662 0.109662 0.109662 0.109662 0.109662 0.109662 0.109662 0.109662 0.109662 0.109662 0.109662 0.109662 0.109662 0.109662 0.109662 0.109662 0.109662 0.109662 0.109662 0.109662 0.109662 0.109662 0.109662 0.109662 0.109662 0.109662 0.109662
#_Natural_Mortality 2 3 4 5 6 7 8 9 10 11 12 13 14 15 16 17 18 19 20 21 22 23 24 25 26 27 28 29 30 31
 0.109662 0.109662 0.109662 0.109662 0.109662 0.109662 0.109662 0.109662 0.109662 0.109662 0.109662 0.109662 0.109662 0.109662 0.109662 0.109662 0.109662 0.109662 0.109662 0.109662 0.109662 0.109662 0.109662 0.109662 0.109662 0.109662 0.109662 0.109662 0.109662 0.109662
#_Maturity_divided_by_2(projection_program_uses_to_get_female_spawning_biomass_if_divide_by_2 2 3 4 5 6 7 8 9 10 11 12 13 14 15 16 17 18 19 20 21 22 23 24 25 26 27 28 29 30 31
 0.0223754 0.0460186 0.0922865 0.176468 0.311118 0.48767 0.667353 0.808734 0.89911 0.949451 0.975362 0.988157 0.994346 0.997309 0.998721 0.999393 0.999712 0.999863 0.999935 0.999969 0.999985 0.999993 0.999997 0.999998 0.999999 1 1 1 1 1
#_Wt_at_age_spawners 2 3 4 5 6 7 8 9 10 11 12 13 14 15 16 17 18 19 20 21 22 23 24 25 26 27 28 29 30 31
 1.19991 1.52822 1.83955 2.12891 2.36569 2.53628 2.65999 2.77502 2.90015 3.04915 3.23005 3.43884 3.66695 3.89994 4.12175 4.32358 4.50519 4.67196 4.82832 4.97399 5.10857 5.23606 5.36043 5.4835 5.6106 5.74226 5.87962 6.02337 6.17018 6.31603
#_Wt_at_age_fishery1 female 2 3 4 5 6 7 8 9 10 11 12 13 14 15 16 17 18 19 20 21 22 23 24 25 26 27 28 29 30 31
 1.19991 1.52822 1.83955 2.12891 2.36569 2.53628 2.65999 2.77502 2.90015 3.04915 3.23005 3.43884 3.66695 3.89994 4.12175 4.32358 4.50519 4.67196 4.82832 4.97399 5.10857 5.23606 5.36043 5.4835 5.6106 5.74226 5.87962 6.02337 6.17018 6.31603
#_Wt_at_age_fishery2 female 2 3 4 5 6 7 8 9 10 11 12 13 14 15 16 17 18 19 20 21 22 23 24 25 26 27 28 29 30 31
 1.19991 1.52822 1.83955 2.12891 2.36569 2.53628 2.65999 2.77502 2.90015 3.04915 3.23005 3.43884 3.66695 3.89994 4.12175 4.32358 4.50519 4.67196 4.82832 4.97399 5.10857 5.23606 5.36043 5.4835 5.6106 5.74226 5.87962 6.02337 6.17018 6.31603
#_Wt_at_age_spawners1 male 2 3 4 5 6 7 8 9 10 11 12 13 14 15 16 17 18 19 20 21 22 23 24 25 26 27 28 29 30 31
 1.0982 1.37171 1.60118 1.77473 1.89245 1.97366 2.03721 2.09903 2.16163 2.23223 2.31864 2.413 2.50622 2.59557 2.67727 2.75282 2.82167 2.88618 2.94539 2.99948 3.04837 3.09058 3.12783 3.15987 3.18732 3.21134 3.23323 3.25427 3.27558 3.29816
#_Wt_at_age_fishery2 male 2 3 4 5 6 7 8 9 10 11 12 13 14 15 16 17 18 19 20 21 22 23 24 25 26 27 28 29 30 31
 1.0982 1.37171 1.60118 1.77473 1.89245 1.97366 2.03721 2.09903 2.16163 2.23223 2.31864 2.413 2.50622 2.59557 2.67727 2.75282 2.82167 2.88618 2.94539 2.99948 3.04837 3.09058 3.12783 3.15987 3.18732 3.21134 3.23323 3.25427 3.27558 3.29816
#_Selectivity_fishery_scaled_to_max_at_one 2 3 4 5 6 7 8 9 10 11 12 13 14 15 16 17 18 19 20 21 22 23 24 25 26 27 28 29 30 31
 0.026267 0.501356 0.974009 0.999285 0.999981 0.999999 1 1 1 1 1 1 1 1 1 1 1 1 1 1 1 1 1 1 1 1 1 1 1 1
 0.232921 0.480009 0.680148 0.826705 0.923848 0.978962 1 0.99443 0.968818 0.928721 0.878709 0.822454 0.762848 0.702114 0.641925 0.583503 0.527701 0.475086 0.425999 0.380607 0.338945 0.300952 0.2665 0.23541 0.207478 0.182479 0.160183 0.14036 0.122786 0.107246
#_Selectivity_fishery_scaled_to_max_at_one 2 3 4 5 6 7 8 9 10 11 12 13 14 15 16 17 18 19 20 21 22 23 24 25 26 27 28 29 30 31
 0.0785298 0.351781 0.775573 0.956533 0.992915 0.998881 0.999824 0.999972 0.999996 0.999999 1 1 1 1 1 1 1 1 1 1 1 1 1 1 1 1 1 1 1 1
 0.105117 0.229071 0.349717 0.461517 0.562325 0.651413 0.728772 0.794785 0.850055 0.895305 0.931314 0.958876 0.97878 0.99179 0.998634 1 0.996531 0.988826 0.977435 0.962866 0.945582 0.926004 0.904515 0.881458 0.857145 0.831853 0.80583 0.779297 0.752449 0.725457
#_Numbers_at_age_end_year 2 3 4 5 6 7 8 9 10 11 12 13 14 15 16 17 18 19 20 21 22 23 24 25 26 27 28 29 30 31
 14.1011 6.16578 22.9628 7.92868 17.4479 35.7961 4.17328 11.5779 2.03042 1.11709 0.396594 1.00329 0.557144 1.31222 0.773135 0.494946 0.397105 0.26071 0.340121 0.242268 0.235652 0.723499 0.178483 0.15605 0.337975 0.0642426 0.144328 0.0738724 0.0369468 0.402766
 14.1011 6.21691 23.629 8.35092 18.6502 38.8884 4.61502 13.0057 2.31339 1.27016 0.450873 1.1513 0.642585 1.51877 0.895287 0.571915 0.458078 0.300738 0.392756 0.280059 0.272781 0.840672 0.208258 0.182524 0.39652 0.0757701 0.170925 0.087766 0.044096 0.497035
#_N_recruitment_years
43
#_Recruitment_start_at_1977_yearclass=1979_for_age_2_recruits 1979 1980 1981 1982 1983 1984 1985 1986 1987 1988 1989 1990 1991 1992 1993 1994 1995 1996 1997 1998 1999 2000 2001 2002 2003 2004 2005 2006 2007 2008 2009 2010 2011 2012 2013 2014 2015 2016 2017 2018 2019 2020 2021
 101.534 13.9858 18.6532 67.6855 68.9575 11.0021 22.1973 22.6687 6.51646 7.62955 10.1677 6.99893 22.3802 5.18941 18.7168 10.5717 7.99002 13.5126 22.3422 8.37897 37.0998 14.457 13.9122 47.2217 12.9106 11.1932 13.2538 8.57597 11.0519 11.6602 15.329 21.6884 7.64734 11.4861 3.81557 9.28074 14.4992 69.2056 20.8695 150.556 62.2591 24.1001 59.278
#_Spawners per recruitment (starting at 1977)
 148.661 142.706 142.049 140.126 140.421 144.053 153.045 166.367 181.468 196.879 205.546 207.975 203.175 193.393 180.865 167.242 153.815 140.05 127.843 121.583 116.879 111.948 108.835 102.724 100.42 100.949 100.884 101.539 103.314 104.529 106.998 108.973 105.208 102.523 94.1202 88.4617 85.2436 84.2736 83.0006 79.5248 80.3366 80.5466
