#Species name here:
GOA_SABLE
#SSL Species?
0
#Constant buffer of Dorn?
0
#Number of fisheries?
2
#Number of sexes?
2
#5year_Average_F(endyr-4,endyr_as_estimated_by_ADmodel)
0.0533131
#_Author_F_as_fraction_F_40%
1
#ABC SPR
0.4
#MSY SPR
0.35
#_Spawn_month
1
#_Number_of_ages
30
#_F_ratio(must_sum_to_one_only_one_fishery)
0.727318 0.272682
#_Natural_Mortality 2 3 4 5 6 7 8 9 10 11 12 13 14 15 16 17 18 19 20 21 22 23 24 25 26 27 28 29 30 31
 0.109692 0.109692 0.109692 0.109692 0.109692 0.109692 0.109692 0.109692 0.109692 0.109692 0.109692 0.109692 0.109692 0.109692 0.109692 0.109692 0.109692 0.109692 0.109692 0.109692 0.109692 0.109692 0.109692 0.109692 0.109692 0.109692 0.109692 0.109692 0.109692 0.109692
#_Natural_Mortality 2 3 4 5 6 7 8 9 10 11 12 13 14 15 16 17 18 19 20 21 22 23 24 25 26 27 28 29 30 31
 0.109692 0.109692 0.109692 0.109692 0.109692 0.109692 0.109692 0.109692 0.109692 0.109692 0.109692 0.109692 0.109692 0.109692 0.109692 0.109692 0.109692 0.109692 0.109692 0.109692 0.109692 0.109692 0.109692 0.109692 0.109692 0.109692 0.109692 0.109692 0.109692 0.109692
#_Maturity_divided_by_2(projection_program_uses_to_get_female_spawning_biomass_if_divide_by_2 2 3 4 5 6 7 8 9 10 11 12 13 14 15 16 17 18 19 20 21 22 23 24 25 26 27 28 29 30 31
 0.0223754 0.0460186 0.0922865 0.176468 0.311118 0.48767 0.667353 0.808734 0.89911 0.949451 0.975362 0.988157 0.994346 0.997309 0.998721 0.999393 0.999712 0.999863 0.999935 0.999969 0.999985 0.999993 0.999997 0.999998 0.999999 1 1 1 1 1
#_Wt_at_age_spawners 2 3 4 5 6 7 8 9 10 11 12 13 14 15 16 17 18 19 20 21 22 23 24 25 26 27 28 29 30 31
 1.1289 1.5716 2.0231 2.4639 2.8806 3.2653 3.614 3.9258 4.2014 4.4427 4.6527 4.8342 4.9903 5.1242 5.2385 5.336 5.4188 5.4891 5.5486 5.599 5.6416 5.6775 5.7079 5.7335 5.755 5.7732 5.7885 5.8014 5.8122 5.8455
#_Wt_at_age_fishery1 female 2 3 4 5 6 7 8 9 10 11 12 13 14 15 16 17 18 19 20 21 22 23 24 25 26 27 28 29 30 31
 1.1289 1.5716 2.0231 2.4639 2.8806 3.2653 3.614 3.9258 4.2014 4.4427 4.6527 4.8342 4.9903 5.1242 5.2385 5.336 5.4188 5.4891 5.5486 5.599 5.6416 5.6775 5.7079 5.7335 5.755 5.7732 5.7885 5.8014 5.8122 5.8455
#_Wt_at_age_fishery2 female 2 3 4 5 6 7 8 9 10 11 12 13 14 15 16 17 18 19 20 21 22 23 24 25 26 27 28 29 30 31
 1.1289 1.5716 2.0231 2.4639 2.8806 3.2653 3.614 3.9258 4.2014 4.4427 4.6527 4.8342 4.9903 5.1242 5.2385 5.336 5.4188 5.4891 5.5486 5.599 5.6416 5.6775 5.7079 5.7335 5.755 5.7732 5.7885 5.8014 5.8122 5.8455
#_Wt_at_age_spawners1 male 2 3 4 5 6 7 8 9 10 11 12 13 14 15 16 17 18 19 20 21 22 23 24 25 26 27 28 29 30 31
 1.0695 1.4409 1.7768 2.0663 2.3077 2.5044 2.6622 2.7872 2.8854 2.962 3.0214 3.0674 3.1029 3.1302 3.1511 3.1672 3.1796 3.189 3.1963 3.2018 3.2061 3.2093 3.2118 3.2137 3.2152 3.2163 3.2171 3.2178 3.2183 3.2193
#_Wt_at_age_fishery2 male 2 3 4 5 6 7 8 9 10 11 12 13 14 15 16 17 18 19 20 21 22 23 24 25 26 27 28 29 30 31
 1.0695 1.4409 1.7768 2.0663 2.3077 2.5044 2.6622 2.7872 2.8854 2.962 3.0214 3.0674 3.1029 3.1302 3.1511 3.1672 3.1796 3.189 3.1963 3.2018 3.2061 3.2093 3.2118 3.2137 3.2152 3.2163 3.2171 3.2178 3.2183 3.2193
#_Selectivity_fishery_scaled_to_max_at_one 2 3 4 5 6 7 8 9 10 11 12 13 14 15 16 17 18 19 20 21 22 23 24 25 26 27 28 29 30 31
 0.0976509 0.586309 0.948878 0.995903 0.999686 0.999976 0.999998 1 1 1 1 1 1 1 1 1 1 1 1 1 1 1 1 1 1 1 1 1 1 1
 0.332747 0.647753 0.856436 0.966481 1 0.979414 0.923592 0.847135 0.760724 0.671811 0.585326 0.504315 0.430463 0.364505 0.306538 0.25625 0.213087 0.176371 0.145375 0.119381 0.0977049 0.079721 0.0648666 0.0526459 0.0426278 0.0344418 0.0277725 0.0223533 0.0179607 0.0144082
#_Selectivity_fishery_scaled_to_max_at_one 2 3 4 5 6 7 8 9 10 11 12 13 14 15 16 17 18 19 20 21 22 23 24 25 26 27 28 29 30 31
 0.194647 0.408225 0.663176 0.848934 0.941313 0.978623 0.992405 0.997326 0.999061 0.999671 0.999885 0.99996 0.999986 0.999995 0.999998 0.999999 1 1 1 1 1 1 1 1 1 1 1 1 1 1
 0.248246 0.468881 0.644744 0.778522 0.875442 0.94107 0.980657 0.998923 1 0.98745 0.964305 0.933118 0.896024 0.854789 0.810861 0.76542 0.719412 0.673589 0.628536 0.584705 0.54243 0.501952 0.463437 0.426984 0.392645 0.36043 0.330319 0.302264 0.276204 0.252059
#_Numbers_at_age_end_year 2 3 4 5 6 7 8 9 10 11 12 13 14 15 16 17 18 19 20 21 22 23 24 25 26 27 28 29 30 31
 13.8219 21.563 25.2163 9.79267 23.0211 23.266 4.98361 8.47727 1.99923 0.928005 0.399107 1.04826 0.576276 1.43671 0.738397 0.442151 0.365651 0.223651 0.347014 0.200691 0.245338 0.695954 0.185215 0.141576 0.325962 0.0731839 0.137504 0.0584762 0.0276189 0.386247
 13.8219 21.6836 25.8471 10.2812 24.5427 25.1215 5.45114 9.38388 2.23893 1.03333 0.443368 1.1826 0.659907 1.66271 0.858959 0.514642 0.425572 0.261099 0.40754 0.237253 0.292056 0.836505 0.224926 0.173135 0.400727 0.090589 0.171356 0.073199 0.0347491 0.511874
#_N_recruitment_years
43
#_Recruitment_start_at_1977_yearclass=1979_for_age_2_recruits 1979 1980 1981 1982 1983 1984 1985 1986 1987 1988 1989 1990 1991 1992 1993 1994 1995 1996 1997 1998 1999 2000 2001 2002 2003 2004 2005 2006 2007 2008 2009 2010 2011 2012 2013 2014 2015 2016 2017 2018 2019 2020 2021
 26.6329 68.4256 22.4552 19.9331 67.2594 33.2204 9.2771 19.6245 19.1724 5.66425 8.18788 10.5009 22.4618 5.93277 24.1697 6.37322 6.0646 10.8086 21.383 9.5396 35.5452 12.9056 14.0707 43.9522 12.9105 8.84301 12.832 6.95491 9.59225 9.79707 13.7789 22.4674 7.53949 11.521 3.72456 7.52436 14.0648 50.4881 24.9613 98.1996 82.3339 29.8017 65.3919
#_Spawners per recruitment (starting at 1977)
 204.89 192.457 185.116 176.865 169.797 163.634 162.373 166.811 175.614 186.556 192.483 193.807 189.896 182.097 171.865 160.623 149.343 137.134 126.532 118.482 112.493 107.667 103.299 99.4116 95.7534 94.9096 95.6968 97.1922 99.1864 101.925 104.462 105.043 103.821 101.223 97.8745 93.8339 89.9172 86.884 85.2036 83.8414 83.046 83.3967
